------ Optimized domains: ------ 
3SS(periodic)  
-------------------------------- 

ans = 

          IntegrationScheme: 'PseudoSpectral'
                  TimeBased: 0
         OpenLoopController: 0
           NodeDistribution: 'LGL'
              ObjectiveType: 'scot'
               use1StepX0Xf: 0
       HumanDataConstraints: 0
             ZMPConstraints: 0
                         ep: 10
               ZeroRD1Error: 0
    ExportUpdatedParameters: 0
         UseLIPMConstraints: 0

This is Ipopt version 3.11.8, running with linear solver ma57.

Number of nonzeros in equality constraint Jacobian...:      658
Number of nonzeros in inequality constraint Jacobian.:     1599
Number of nonzeros in Lagrangian Hessian.............:        0

Reallocating memory for MA57: lfact (37367)
Total number of variables............................:      279
                     variables with only lower bounds:        0
                variables with lower and upper bounds:      279
                     variables with only upper bounds:        0
Total number of equality constraints.................:      178
Total number of inequality constraints...............:      159
        inequality constraints with only lower bounds:        0
   inequality constraints with lower and upper bounds:      159
        inequality constraints with only upper bounds:        0

iter    objective    inf_pr   inf_du lg(mu)  ||d||  lg(rg) alpha_du alpha_pr  ls
   0  3.5776279e-03 2.26e+05 1.02e-02   0.0 0.00e+00    -  0.00e+00 0.00e+00   0
   1  3.5684572e-03 2.26e+05 1.55e+01  -3.3 1.54e+02    -  1.28e-05 3.43e-05f  1
   2  3.5684134e-03 2.26e+05 2.89e+01   0.6 7.20e+03    -  2.92e-05 6.18e-08f  1
   3r 3.5684134e-03 2.26e+05 9.99e+02   2.3 0.00e+00    -  0.00e+00 2.88e-07R  6
   4r 3.5984155e-03 2.26e+05 9.99e+02   0.5 4.16e+04    -  2.55e-05 1.09e-05f  1
   5r 3.6140801e-03 2.26e+05 9.99e+02   1.6 5.35e+04    -  6.34e-05 3.56e-06f  1
   6r 3.6212851e-03 2.26e+05 9.99e+02   2.0 3.48e+04    -  1.93e-04 8.09e-06f  1
   7r 3.6933845e-03 2.26e+05 9.99e+02   2.3 3.06e+04    -  4.56e-04 1.12e-04f  1
   8r 4.1099828e-03 2.25e+05 9.98e+02   2.5 2.57e+04    -  1.93e-03 3.83e-04f  1
   9r 6.4107416e-03 2.07e+05 9.95e+02   2.5 2.23e+04    -  4.81e-03 2.94e-03f  1
iter    objective    inf_pr   inf_du lg(mu)  ||d||  lg(rg) alpha_du alpha_pr  ls
  10r 2.7838675e-02 1.84e+05 9.92e+02   2.6 2.05e+04    -  4.28e-03 3.00e-03f  1
  11  2.7837856e-02 1.84e+05 4.06e+03   0.8 4.37e+02    -  2.94e-01 1.37e-05h  1
  12  7.4070244e-02 1.82e+05 4.05e+03   1.2 7.54e+02    -  3.92e-02 1.06e-02h  1
  13  1.8602665e-01 1.79e+05 8.38e+04   1.4 3.68e+02    -  1.62e-01 1.82e-02h  1
  14  3.0633658e+00 1.72e+05 3.48e+05   2.5 1.11e+03    -  1.38e-01 3.63e-02f  1
  15  1.1717575e+01 1.64e+05 3.65e+05   3.4 1.25e+03    -  6.57e-02 4.55e-02f  1
  16  1.5782542e+01 1.40e+05 8.70e+05   3.5 3.05e+02    -  1.00e+00 1.49e-01f  1
  17  1.3850123e+01 8.58e+04 7.65e+05   4.1 2.73e+02    -  9.81e-01 3.78e-01f  1
  18  1.5675852e+01 6.10e+04 6.54e+05   4.0 1.09e+02    -  9.83e-01 2.82e-01h  1
  19  2.6565285e+01 2.80e+04 1.01e+06   3.6 5.85e+01    -  9.99e-01 4.63e-01h  1
iter    objective    inf_pr   inf_du lg(mu)  ||d||  lg(rg) alpha_du alpha_pr  ls
  20  2.6487704e+01 3.14e+04 1.20e+07   3.9 1.31e+02    -  1.00e+00 3.33e-01h  1
  21  2.7636504e+01 2.33e+04 1.55e+07   4.1 3.43e+01    -  1.00e+00 3.69e-01h  1
  22  3.1377244e+01 8.06e+03 2.40e+07   3.8 3.05e+01    -  1.00e+00 1.00e+00h  1
  23  2.2792405e+01 4.70e+04 6.42e+07   4.3 6.96e+01    -  1.00e+00 1.00e+00f  1
  24  2.4479676e+01 1.28e+04 3.51e+07   4.0 2.42e+01    -  1.00e+00 1.00e+00h  1
  25  2.8336892e+01 1.41e+05 5.37e+10   4.5 4.66e+01    -  2.74e-01 5.86e-01f  1
  26  2.9671420e+01 1.22e+05 3.55e+10   4.1 4.51e+01    -  4.21e-01 1.35e-01h  1
  27  3.8034496e+01 6.10e+04 4.69e+09   3.4 2.39e+01    -  3.84e-01 6.91e-01h  1
  28  6.1211256e+01 4.10e+04 2.02e+09   2.8 1.67e+02    -  3.23e-01 3.32e-01h  1
  29  7.6773507e+01 2.88e+04 8.34e+08   2.1 1.32e+02    -  2.44e-01 3.59e-01h  1
iter    objective    inf_pr   inf_du lg(mu)  ||d||  lg(rg) alpha_du alpha_pr  ls
  30  8.6692029e+01 1.82e+04 2.74e+08   1.4 9.50e+01    -  2.12e-01 4.56e-01h  1
  31  8.4452482e+01 1.42e+04 1.46e+08   0.7 8.16e+01    -  6.16e-02 2.28e-01h  1
  32  8.4706188e+01 1.12e+04 8.05e+07  -0.0 8.63e+01    -  1.37e-01 2.10e-01h  1
  33  8.5504012e+01 6.38e+03 1.79e+07  -0.0 1.04e+02    -  2.83e-03 4.06e-01H  1
  34  7.7651113e+01 5.32e+03 9.82e+06  -0.0 1.58e+02    -  1.53e-01 1.61e-01f  1
  35  7.4793961e+01 4.62e+03 5.59e+06  -0.7 1.54e+02    -  2.57e-02 1.22e-01f  1
  36  7.4567517e+01 4.39e+03 4.87e+06  -0.7 1.42e+02    -  8.16e-02 5.11e-02h  1
  37  7.2215392e+01 3.82e+03 4.34e+06  -0.7 1.22e+02    -  1.18e-03 1.38e-01f  1
  38  6.5448943e+01 3.34e+03 3.86e+06  -0.7 8.09e+01    -  4.13e-02 1.40e-01f  1
  39  2.3411275e+01 1.56e+03 9.62e+06   3.8 8.03e+01    -  1.64e-01 1.00e+00f  1
iter    objective    inf_pr   inf_du lg(mu)  ||d||  lg(rg) alpha_du alpha_pr  ls
  40  1.4029086e+01 1.44e+03 1.04e+07   4.6 1.37e+02    -  2.64e-01 9.30e-02f  1
  41  1.4658751e+01 1.38e+03 1.44e+07   3.7 1.61e+02    -  1.70e-01 6.09e-02h  1
  42  1.7171635e+01 1.49e+03 1.21e+07   4.5 2.09e+02    -  1.00e+00 2.21e-01f  1
  43  1.2962253e+01 2.61e+03 5.52e+07   4.4 1.36e+02    -  2.52e-01 1.87e-01f  2
  44  1.7892930e+01 1.71e+03 3.91e+07   3.8 1.54e+02    -  2.60e-01 2.81e-01H  1
  45  1.5890881e+01 1.58e+03 6.43e+07   5.5 8.93e+02    -  7.16e-01 2.16e-01f  1
  46  8.9207873e+00 2.06e+04 3.78e+07   5.2 1.44e+02    -  7.81e-01 8.79e-01f  1
  47  2.7934805e+00 5.01e+03 7.68e+06   5.1 7.51e+01    -  9.98e-01 9.49e-01h  1
  48  1.6511020e+00 3.07e+03 1.68e+07   5.1 4.84e+01    -  9.78e-01 1.00e+00f  1
  49  1.8776422e+00 2.52e+03 4.74e+06   5.2 2.58e+01    -  9.74e-01 1.00e+00f  1
iter    objective    inf_pr   inf_du lg(mu)  ||d||  lg(rg) alpha_du alpha_pr  ls
  50  4.0739030e+00 8.56e+02 5.42e+06   5.1 3.31e+01    -  8.97e-01 1.00e+00H  1
  51  4.7236249e+00 8.55e+02 4.64e+06   4.4 1.49e+02    -  5.39e-01 6.25e-02h  5
  52  7.1466091e+00 8.11e+02 4.70e+06   3.7 1.42e+02    -  6.49e-01 1.25e-01h  4
  53  1.2812895e+01 6.50e+02 5.02e+06   3.0 1.30e+02    -  5.54e-01 1.77e-01h  3
  54  2.0070694e+01 4.87e+02 6.52e+06   4.6 1.21e+02    -  1.00e+00 1.86e-01h  3
  55  2.3241085e+01 4.46e+02 6.44e+06   4.6 7.29e+01    -  9.97e-01 6.52e-02h  4
  56  2.5104448e+01 4.18e+02 6.72e+06   4.5 6.90e+01    -  1.00e+00 4.68e-02h  5
  57  3.0710348e+01 5.99e+02 7.02e+06   4.1 6.18e+01    -  9.99e-01 1.20e-01h  4
  58  3.7246407e+01 6.23e+02 6.49e+06   4.1 6.05e+01    -  1.00e+00 1.25e-01h  4
  59  5.5389743e+01 6.29e+02 5.18e+06   3.8 5.99e+01    -  1.00e+00 2.29e-01h  3
iter    objective    inf_pr   inf_du lg(mu)  ||d||  lg(rg) alpha_du alpha_pr  ls
  60  6.4202707e+01 6.16e+02 4.72e+06   3.4 5.21e+01    -  1.00e+00 9.32e-02h  4
  61  7.4171740e+01 6.10e+02 4.27e+06   3.0 5.98e+01    -  1.00e+00 1.06e-01h  4
  62  8.3430490e+01 5.84e+02 3.85e+06   3.1 5.94e+01    -  1.00e+00 1.18e-01h  4
  63  9.3329063e+01 5.59e+02 3.44e+06   3.0 6.24e+01    -  1.00e+00 1.16e-01h  4
  64  1.1267544e+02 4.88e+02 2.73e+06   3.0 6.33e+01    -  1.00e+00 2.49e-01h  3
  65  1.2061588e+02 4.49e+02 2.40e+06   2.6 5.69e+01    -  1.00e+00 1.24e-01h  4
  66  1.2535119e+02 4.11e+02 2.17e+06   3.2 3.97e+01    -  1.00e+00 1.25e-01h  4
  67  1.3436441e+02 4.07e+02 1.91e+06   2.9 5.95e+01    -  1.00e+00 1.18e-01h  4
  68  1.4086782e+02 4.03e+02 1.69e+06   2.9 4.02e+01    -  1.00e+00 1.25e-01h  4
  69  1.5333073e+02 3.97e+02 1.33e+06   2.6 3.19e+01    -  1.00e+00 2.50e-01h  3
iter    objective    inf_pr   inf_du lg(mu)  ||d||  lg(rg) alpha_du alpha_pr  ls
  70  1.4544403e+02 3.59e+02 1.03e+06   3.0 4.46e+01    -  1.00e+00 4.50e-01h  2
  71  1.3836991e+02 3.43e+02 8.33e+05   2.8 4.98e+01    -  1.00e+00 3.57e-01h  2
  72  1.3133734e+02 3.35e+02 8.70e+05   3.1 6.51e+01    -  1.00e+00 1.22e-01h  4
