-5.849739909172058105e-02,-1.240116059780120850e-01,1.154997758567333221e-02,-8.201692253351211548e-02,-8.367745578289031982e-02,8.914645761251449585e-02,8.273608237504959106e-02,-7.554209232330322266e-02,6.096840277314186096e-02,-4.055508971214294434e-02
-9.666828438639640808e-03,-3.141681477427482605e-02,2.781673893332481384e-02,8.209387212991714478e-02,7.897332310676574707e-02,1.313571035861968994e-01,-6.000482663512229919e-02,9.588857740163803101e-02,1.066733375191688538e-01,1.144874468445777893e-02
4.353942349553108215e-02,5.512179806828498840e-02,2.191948331892490387e-02,1.409713178873062134e-01,6.077918689697980881e-03,6.877502053976058960e-02,-1.378080155700445175e-02,-6.768328696489334106e-02,-6.728947162628173828e-02,-4.874907061457633972e-02
-3.771809116005897522e-02,-3.389189541339874268e-01,4.173768460750579834e-01,-2.460159733891487122e-02,1.079465169459581375e-02,4.736554324626922607e-01,5.944443121552467346e-02,4.805800318717956543e-01,8.864045143127441406e-02,2.136436104774475098e-01
5.702942013740539551e-01,-2.070886790752410889e-01,-9.179815053939819336e-01,1.314228028059005737e-01,2.237828671932220459e-01,1.178024768829345703e+00,1.611081659793853760e-01,-1.029278159141540527e+00,1.374728560447692871e+00,4.715515971183776855e-01
1.281880438327789307e-01,4.058587178587913513e-02,-1.092147361487150192e-02,1.064176410436630249e-01,7.639044523239135742e-02,-7.957377284765243530e-02,-4.754160996526479721e-03,-8.979012817144393921e-02,9.085349738597869873e-02,4.050564765930175781e-02
-9.517726302146911621e-01,7.044359445571899414e-01,3.977519869804382324e-01,-1.313374161720275879e+00,-9.536377787590026855e-01,-1.007507562637329102e+00,1.203433394432067871e+00,-2.333105564117431641e+00,1.196801185607910156e+00,-1.357109189033508301e+00
2.359725385904312134e-01,3.468286693096160889e-01,-5.127851366996765137e-01,3.345476984977722168e-01,-1.014841869473457336e-01,3.183672428131103516e-01,-1.755643188953399658e-01,-7.334014773368835449e-01,1.578976213932037354e-01,-6.859723478555679321e-02
1.272296011447906494e-01,-1.006725728511810303e-01,6.262312084436416626e-02,3.216455578804016113e-01,-9.551697969436645508e-02,-3.084229230880737305e-01,-4.635119438171386719e-02,1.720306649804115295e-02,2.594752609729766846e-01,4.841662570834159851e-02
6.070527434349060059e-02,-1.981035917997360229e-01,2.583807706832885742e-01,9.597315639257431030e-02,-1.696150898933410645e-01,4.607904553413391113e-01,8.271740376949310303e-02,4.922020733356475830e-01,3.849794343113899231e-02,2.082718908786773682e-01
4.843527823686599731e-02,-7.155872136354446411e-02,4.124600440263748169e-02,-1.619443744421005249e-01,4.495803639292716980e-02,2.463865429162979126e-01,1.163342148065567017e-01,-6.503538042306900024e-02,-2.200958132743835449e-02,-9.861829690635204315e-03
-1.877105236053466797e-02,-6.189643964171409607e-02,-1.048758327960968018e-01,2.419712096452713013e-01,8.625963330268859863e-02,-1.039932519197463989e-01,-2.964408695697784424e-02,-2.490749768912792206e-02,1.821429729461669922e-01,5.492174997925758362e-02
-1.202908903360366821e-01,-1.081436052918434143e-01,1.690376549959182739e-02,8.156260102987289429e-02,-1.205466613173484802e-01,6.921889632940292358e-02,2.433191984891891479e-02,5.657286196947097778e-02,-1.022765040397644043e-02,-5.602329969406127930e-02
2.714146077632904053e-01,1.731237471103668213e-01,-2.183035612106323242e-01,3.749431669712066650e-01,1.685142368078231812e-01,-1.621748358011245728e-01,-3.078832328319549561e-01,-1.073792129755020142e-01,6.377508640289306641e-01,6.335158646106719971e-02
3.143106997013092041e-01,1.295058727264404297e-01,-3.169360458850860596e-01,2.561642825603485107e-01,1.131656952202320099e-02,-1.616558432579040527e-01,-5.695856809616088867e-01,-8.332057595252990723e-01,9.858096837997436523e-01,2.815998494625091553e-01
-8.465388789772987366e-03,-6.651269644498825073e-02,5.298109352588653564e-02,8.787255734205245972e-02,-1.665612459182739258e-01,-4.229496046900749207e-02,8.177216351032257080e-02,5.156046524643898010e-02,2.878885949030518532e-03,-3.852465748786926270e-02
-9.403923153877258301e-01,1.405671983957290649e-01,1.208265066146850586e+00,-1.535562634468078613e+00,-9.686046242713928223e-01,-7.341186404228210449e-01,1.790105462074279785e+00,-1.385582804679870605e+00,6.554705500602722168e-01,-1.544474124908447266e+00
1.173839494585990906e-01,-5.913623794913291931e-02,9.368237107992172241e-02,-3.353314101696014404e-02,2.093168348073959351e-02,9.798646718263626099e-02,-5.458680540323257446e-02,-1.174977272748947144e-01,7.108987122774124146e-02,-2.255150675773620605e-02
-7.804965972900390625e-02,-7.430259138345718384e-02,6.269577890634536743e-02,1.027912050485610962e-01,6.843696534633636475e-02,-2.557087689638137817e-02,-7.432164996862411499e-02,-9.676752984523773193e-02,7.856184989213943481e-02,2.677344903349876404e-02
-1.042351871728897095e-01,-1.338136196136474609e-01,1.599344462156295776e-01,-2.725727260112762451e-01,6.818776484578847885e-03,2.962627708911895752e-01,1.928744763135910034e-01,-9.638124704360961914e-02,-9.083788096904754639e-02,2.428255602717399597e-02
-7.448184490203857422e-02,-7.068134099245071411e-02,5.285462737083435059e-02,-1.794450283050537109e-01,-9.115158021450042725e-02,2.576933205127716064e-01,-2.376797609031200409e-02,-4.987930506467819214e-02,6.221952848136425018e-03,-6.675852090120315552e-02
-1.485983561724424362e-02,-7.690729945898056030e-02,1.748675405979156494e-01,-8.008516579866409302e-02,2.365000313147902489e-03,6.263162940740585327e-02,-9.262119978666305542e-02,2.606310136616230011e-02,5.528891459107398987e-02,-2.950257621705532074e-02
1.874496974050998688e-02,-1.039148569107055664e-01,1.412832885980606079e-01,-9.396822191774845123e-03,4.488747566938400269e-02,8.860484510660171509e-02,-1.007870957255363464e-01,4.667765647172927856e-02,-5.830199271440505981e-02,-4.245102033019065857e-02
-4.896739125251770020e-02,-2.580588310956954956e-02,7.577281445264816284e-02,9.319413453340530396e-02,-8.763280510902404785e-02,6.207764893770217896e-02,7.863081991672515869e-03,8.954230695962905884e-02,-1.100131124258041382e-02,-5.167599022388458252e-02
9.643904864788055420e-03,2.579907327890396118e-02,4.788475483655929565e-02,-1.112995762377977371e-02,-1.572839915752410889e-01,-1.267658546566963196e-02,5.235781520605087280e-02,-7.180616725236177444e-03,3.138644248247146606e-02,-2.367267198860645294e-02
-2.646279893815517426e-02,-8.957604318857192993e-02,-1.085822805762290955e-01,2.171037644147872925e-01,6.710890680551528931e-02,1.046925038099288940e-02,3.156466409564018250e-02,-1.208863630890846252e-01,1.570557951927185059e-01,1.100057214498519897e-01
2.609861455857753754e-02,8.254332467913627625e-03,5.375233292579650879e-02,3.330685943365097046e-02,-2.173147909343242645e-02,-6.529074162244796753e-02,-4.258475080132484436e-02,-1.090653389692306519e-01,4.610609728842973709e-03,1.233458053320646286e-02
9.518783539533615112e-02,-1.243264079093933105e-01,9.101551771163940430e-02,3.580461814999580383e-02,-8.448472619056701660e-02,2.584618888795375824e-02,5.791353061795234680e-02,-3.468821644783020020e-01,3.788399994373321533e-01,1.650944352149963379e-01
6.524182856082916260e-02,1.771524176001548767e-02,-3.135298937559127808e-02,-1.852932758629322052e-02,-2.961539430543780327e-03,1.554445326328277588e-01,-5.069278925657272339e-02,-4.922972619533538818e-02,2.111597508192062378e-01,7.519340515136718750e-02
1.298617422580718994e-01,-3.330515697598457336e-02,7.745286822319030762e-02,3.259573131799697876e-02,-7.228478789329528809e-02,-8.431100286543369293e-03,-8.115551620721817017e-02,-4.016914963722229004e-02,9.691353142261505127e-02,6.840890645980834961e-02
-1.001346230506896973e+00,5.661428570747375488e-01,2.381027638912200928e-01,-1.136695742607116699e+00,-8.092800974845886230e-01,-9.988850355148315430e-01,9.565185308456420898e-01,-2.068387508392333984e+00,1.070353627204895020e+00,-1.248337388038635254e+00
7.018759101629257202e-02,-1.143043488264083862e-01,-5.077191814780235291e-02,-2.441927231848239899e-02,-1.123518273234367371e-01,1.488642096519470215e-01,-9.689636528491973877e-02,-2.427897751331329346e-01,-6.100328266620635986e-02,3.466365858912467957e-02
-3.837348520755767822e-02,-1.042428985238075256e-01,9.448162466287612915e-02,-6.119169667363166809e-02,6.345529109239578247e-02,2.292160093784332275e-01,9.406427294015884399e-02,2.967993915081024170e-02,1.750818453729152679e-02,-3.981823101639747620e-02
6.307689845561981201e-02,5.260836798697710037e-03,-9.656530804932117462e-03,-6.780374795198440552e-03,-7.138352375477552414e-03,5.602030083537101746e-02,7.337322831153869629e-02,-2.041790038347244263e-01,4.824953526258468628e-02,3.781041502952575684e-02
2.535507380962371826e-01,-1.325065344572067261e-01,7.276599854230880737e-02,3.441278934478759766e-01,6.874259561300277710e-02,-1.523868441581726074e-01,-1.352519840002059937e-01,2.751672863960266113e-01,3.904397189617156982e-01,-2.693088352680206299e-01
9.816982597112655640e-02,8.010435849428176880e-02,-1.203415542840957642e-02,-8.799210935831069946e-02,-1.176265105605125427e-01,-6.873561535030603409e-03,-9.786432236433029175e-02,-3.525317460298538208e-02,8.018866926431655884e-02,-2.140479721128940582e-02
2.596908714622259140e-03,-1.019076853990554810e-01,5.545201525092124939e-02,-1.077447365969419479e-02,-1.623010784387588501e-01,1.155396364629268646e-02,1.239253655076026917e-01,-1.128657609224319458e-01,-3.741294145584106445e-02,-1.085010543465614319e-02
2.060056664049625397e-02,-1.081167683005332947e-01,-6.100280210375785828e-02,-2.636111574247479439e-03,-7.445174455642700195e-02,-3.906351327896118164e-02,8.542327210307121277e-03,-1.220493093132972717e-01,1.366185396909713745e-01,1.257348209619522095e-01
3.283929824829101562e-01,9.332276135683059692e-02,-1.762960106134414673e-02,1.524136513471603394e-01,-5.184273049235343933e-02,3.881718218326568604e-01,-1.460567712783813477e-01,-7.665971517562866211e-01,2.499568462371826172e-01,2.083703279495239258e-01
-1.015082120895385742e+00,7.849003672599792480e-01,3.239445686340332031e-01,-1.390878558158874512e+00,-9.985235929489135742e-01,-1.025910735130310059e+00,1.443040728569030762e+00,-2.482265949249267578e+00,1.366696119308471680e+00,-1.483099341392517090e+00
1.372299492359161377e-01,-6.989049166440963745e-02,-1.736937649548053741e-02,-2.392950803041458130e-01,-1.717929989099502563e-01,2.022967636585235596e-01,1.006708219647407532e-01,-1.252703666687011719e-01,6.027517956681549549e-04,-2.377841435372829437e-02
1.254071295261383057e-01,8.087942004203796387e-02,4.273429512977600098e-02,-2.532826364040374756e-02,4.329179599881172180e-02,4.948483780026435852e-02,-7.111556828022003174e-02,-1.657616943120956421e-01,-1.343041379004716873e-02,-2.560944110155105591e-02
-2.840144746005535126e-02,-1.232073828577995300e-01,-9.771661832928657532e-03,6.486135721206665039e-02,-7.258974760770797729e-02,-3.339412808418273926e-02,-6.773614138364791870e-02,5.580693110823631287e-02,1.110844779759645462e-02,-4.112100973725318909e-02
-8.148624300956726074e-01,2.074182778596878052e-01,1.184790849685668945e+00,-1.627913475036621094e+00,-1.084439039230346680e+00,-8.310158848762512207e-01,1.740725278854370117e+00,-1.503547787666320801e+00,5.736329555511474609e-01,-1.607624292373657227e+00
7.010437548160552979e-02,-3.187549114227294922e-02,-4.258983209729194641e-02,1.583749055862426758e-01,7.398662716150283813e-02,-7.247617840766906738e-02,-4.467156529426574707e-02,5.131720751523971558e-02,4.739288985729217529e-02,-2.139571122825145721e-02
1.662115007638931274e-01,-2.440712004899978638e-01,4.502283930778503418e-01,4.254030585289001465e-01,3.792089223861694336e-02,-8.211914449930191040e-02,-2.586200833320617676e-01,5.610572099685668945e-01,3.256137967109680176e-01,-4.074505567550659180e-01
-1.118018701672554016e-01,-5.053778365254402161e-02,6.421754509210586548e-02,3.507757559418678284e-02,-5.158931016921997070e-02,-1.710085198283195496e-02,-1.119567006826400757e-01,-8.461512625217437744e-02,9.929734468460083008e-02,-3.151538595557212830e-02
9.180770069360733032e-02,6.588873267173767090e-02,8.799772709608078003e-02,1.446966826915740967e-01,3.918549045920372009e-02,-1.061352267861366272e-01,-6.250905245542526245e-02,-3.181588277220726013e-02,1.443858593702316284e-01,5.677666887640953064e-02
2.160473354160785675e-02,-3.389714360237121582e-01,2.829206585884094238e-01,-3.592466935515403748e-02,-4.786171764135360718e-02,4.131554365158081055e-01,1.123820245265960693e-01,4.300308227539062500e-01,3.456880897283554077e-02,2.078312784433364868e-01
5.669558644294738770e-01,-5.024309158325195312e-01,1.251262664794921875e+00,4.030341506004333496e-01,-6.186630725860595703e-01,9.931660257279872894e-03,5.260020494461059570e-01,-1.956232070922851562e+00,-1.770823001861572266e-01,-2.888598144054412842e-01
7.985163480043411255e-02,2.581826038658618927e-02,-4.895354062318801880e-02,1.252666562795639038e-01,-5.000243335962295532e-02,3.019520267844200134e-02,-7.588817179203033447e-02,-1.695869415998458862e-01,6.570366770029067993e-02,-5.945050343871116638e-02
-9.498150646686553955e-02,-1.291549205780029297e-01,1.025530621409416199e-01,7.696726173162460327e-02,4.394980520009994507e-02,1.088523790240287781e-01,2.243246510624885559e-02,-7.555720862001180649e-03,7.486265897750854492e-02,6.195709109306335449e-02
-5.287235975265502930e-02,9.467146359384059906e-03,1.029339209198951721e-01,2.201684005558490753e-02,-1.609172299504280090e-02,-4.441075772047042847e-02,4.996041208505630493e-02,-6.020712107419967651e-02,1.863674260675907135e-02,3.356610611081123352e-02
4.818441718816757202e-02,3.771395236253738403e-02,9.091233462095260620e-02,-5.730123072862625122e-02,-5.095875263214111328e-02,5.115496367216110229e-02,-2.965376526117324829e-02,-6.402756273746490479e-02,1.117610707879066467e-01,6.154116243124008179e-02
6.057999562472105026e-03,-1.228874921798706055e-01,5.965339392423629761e-02,-1.072853580117225647e-01,-5.967177823185920715e-02,1.997520774602890015e-01,1.030515599995851517e-02,4.710662737488746643e-02,4.533956199884414673e-02,-6.758020073175430298e-02
3.711924552917480469e-01,-3.606013655662536621e-01,1.003538012504577637e+00,6.111994385719299316e-01,1.621405966579914093e-02,-2.205074727535247803e-01,-3.830107748508453369e-01,8.964439630508422852e-01,6.926144361495971680e-01,-6.343456506729125977e-01
-7.509141415357589722e-02,-8.363220095634460449e-02,2.179759740829467773e-01,-2.254688292741775513e-01,-5.615789815783500671e-02,2.798860073089599609e-01,6.065576523542404175e-02,1.257718913257122040e-02,-1.516500394791364670e-02,-6.900184601545333862e-02
-3.961532190442085266e-02,-1.337922066450119019e-01,3.448094800114631653e-02,-6.533806025981903076e-02,5.195812508463859558e-02,2.267178148031234741e-01,1.523299664258956909e-01,-9.288567304611206055e-02,-2.443151548504829407e-02,-3.208627924323081970e-02
6.908435374498367310e-02,4.276799410581588745e-02,-3.333915024995803833e-02,7.120347768068313599e-02,-9.743908047676086426e-02,1.200761273503303528e-01,-1.118714213371276855e-01,2.710422128438949585e-02,6.697364896535873413e-02,-1.144433692097663879e-01
-1.116600632667541504e+00,6.270314455032348633e-01,4.689919352531433105e-01,-1.241970062255859375e+00,-8.192797303199768066e-01,-1.110473036766052246e+00,1.272656917572021484e+00,-2.334270000457763672e+00,1.446806192398071289e+00,-1.482556223869323730e+00
2.577327750623226166e-02,-1.306338012218475342e-01,1.362723670899868011e-02,1.116730868816375732e-01,-5.852623283863067627e-02,4.058524593710899353e-02,-2.680815756320953369e-02,-5.146554484963417053e-02,-9.994505345821380615e-02,-3.245735168457031250e-02
9.494863450527191162e-03,4.791669547557830811e-03,-1.151064708828926086e-01,-4.845470190048217773e-03,-6.325779855251312256e-02,9.254158288240432739e-02,7.229428738355636597e-02,8.368697017431259155e-02,4.798247665166854858e-02,-1.352151483297348022e-02
5.260714143514633179e-02,1.714328676462173462e-01,-6.605544686317443848e-02,1.742679327726364136e-01,-3.471455723047256470e-02,-7.742810994386672974e-02,-1.762354373931884766e-01,-6.214969605207443237e-02,2.256950139999389648e-01,-6.784854084253311157e-02
7.858108729124069214e-02,-1.640162914991378784e-01,3.756232559680938721e-01,1.734386831521987915e-01,-6.302544474601745605e-02,4.061855077743530273e-01,4.498571902513504028e-02,4.260420799255371094e-01,1.196144968271255493e-01,1.757556796073913574e-01
2.771191895008087158e-01,1.030393913388252258e-01,-1.230180934071540833e-01,5.121739581227302551e-02,-9.119624644517898560e-02,3.274964094161987305e-01,-1.573194563388824463e-01,-4.040869474411010742e-01,1.711338572204113007e-02,-1.025119097903370857e-03
1.438020825386047363e+00,5.968816876411437988e-01,-1.642236471176147461e+00,2.552966594696044922e+00,4.142213761806488037e-01,-1.156811833381652832e+00,-1.647524237632751465e+00,1.597374230623245239e-01,7.505660653114318848e-01,1.997064828872680664e+00
2.620221860706806183e-02,-1.834486983716487885e-02,5.136421695351600647e-02,-2.698360197246074677e-02,1.579939387738704681e-03,1.239276975393295288e-01,-1.279487609863281250e-01,-1.396798193454742432e-01,1.202949439175426960e-03,-6.329635530710220337e-02
1.101296424865722656e+00,-1.420361042022705078e+00,1.493944525718688965e+00,2.258745670318603516e+00,4.345352649688720703e-01,-6.937084347009658813e-02,-6.858586072921752930e-01,2.370000123977661133e+00,-7.941920757293701172e-01,-8.728383183479309082e-01
-1.072889287024736404e-02,5.455110594630241394e-02,3.316896036267280579e-02,1.805277317762374878e-01,3.850932791829109192e-02,-9.055196493864059448e-02,-9.820520877838134766e-02,-8.692711591720581055e-02,2.690004371106624603e-02,-1.695526391267776489e-02
6.047256290912628174e-02,-2.171280831098556519e-01,4.814456999301910400e-01,-5.081089138984680176e-01,-7.190875411033630371e-01,7.059435546398162842e-02,3.904775157570838928e-02,-3.509205579757690430e-01,-1.466989666223526001e-01,-1.112139672040939331e-01
1.491974592208862305e-01,-9.583999216556549072e-02,1.250018477439880371e-01,1.335009336471557617e-01,-1.743366010487079620e-02,-7.872820645570755005e-02,-5.299702286720275879e-02,-1.411932408809661865e-01,9.060721099376678467e-02,-7.737860083580017090e-02
-4.824019502848386765e-03,-1.178572103381156921e-01,7.617986947298049927e-02,-2.127395570278167725e-01,-1.189744696021080017e-01,1.848936080932617188e-01,2.719770371913909912e-02,-1.113435178995132446e-01,-7.687605172395706177e-02,-4.023072496056556702e-02
3.181785717606544495e-02,-1.310088336467742920e-01,-4.320140928030014038e-03,3.962954133749008179e-02,-1.434879899024963379e-01,-1.855578087270259857e-02,-1.157457828521728516e-01,-9.488515555858612061e-03,5.197172984480857849e-02,-5.975768342614173889e-02
1.345661729574203491e-01,-1.554275117814540863e-02,-1.921881549060344696e-02,2.344630099833011627e-02,3.228155523538589478e-02,2.303030714392662048e-02,-7.773421704769134521e-02,-1.328640729188919067e-01,8.592464029788970947e-02,-4.196481779217720032e-02
-8.473088145256042480e-01,1.563883721828460693e-01,1.117350578308105469e+00,-1.318915963172912598e+00,-8.918834328651428223e-01,-5.420920848846435547e-01,1.833202362060546875e+00,-1.241697311401367188e+00,4.765363037586212158e-01,-1.550335407257080078e+00
6.053650006651878357e-02,-1.252869814634323120e-01,-6.751702632755041122e-03,6.742028146982192993e-02,-6.768472492694854736e-02,3.966504335403442383e-02,-4.267745837569236755e-02,-1.228167861700057983e-01,8.203828334808349609e-02,1.037556007504463196e-01
8.795101195573806763e-02,-7.332243770360946655e-02,1.165671646595001221e-02,1.025927290320396423e-01,5.666789039969444275e-02,-2.248087525367736816e-02,-7.891101390123367310e-02,-8.170292526483535767e-02,-1.888220431283116341e-03,-4.608526453375816345e-02
1.239267662167549133e-01,-7.751777023077011108e-02,7.741379737854003906e-02,-2.600591816008090973e-02,-1.134746335446834564e-02,-2.642623148858547211e-02,-1.058826372027397156e-01,-6.462942063808441162e-02,-5.138261616230010986e-02,-3.575859963893890381e-02
1.033421605825424194e-01,-1.389128621667623520e-02,1.258233487606048584e-01,1.154441572725772858e-02,-1.441443115472793579e-01,1.159707363694906235e-02,8.480710536241531372e-02,7.807605713605880737e-02,-8.504948578774929047e-03,7.987657934427261353e-02
-6.145879253745079041e-02,-8.273064158856868744e-03,8.132875710725784302e-02,1.184722110629081726e-01,-1.290939468890428543e-02,-3.914823755621910095e-02,-2.214643545448780060e-02,-3.779551759362220764e-02,4.294702038168907166e-02,1.467910408973693848e-02
7.184436172246932983e-02,-6.505478173494338989e-02,2.711236663162708282e-02,-5.381853319704532623e-03,-1.212477087974548340e-01,1.040888205170631409e-01,-6.693413108587265015e-02,-5.729636922478675842e-02,-7.671732455492019653e-03,2.280342392623424530e-02
1.638464033603668213e-01,1.979515515267848969e-02,-1.416714787483215332e-01,8.577959239482879639e-02,-3.466890752315521240e-01,3.539298102259635925e-02,-7.518415153026580811e-02,-5.642822980880737305e-01,2.004408389329910278e-01,-1.611457467079162598e-01
5.975313112139701843e-02,-2.328677847981452942e-02,-2.798469737172126770e-02,1.364168971776962280e-01,8.787269145250320435e-02,1.123273149132728577e-01,2.921034395694732666e-02,-1.128176674246788025e-01,6.374797224998474121e-02,3.551255166530609131e-02
-4.466885700821876526e-02,-8.163717389106750488e-02,3.775495290756225586e-02,8.668287843465805054e-02,-1.830829530954360962e-01,2.893772162497043610e-02,1.566777378320693970e-01,-1.292337328195571899e-01,2.997914850711822510e-01,1.576222926378250122e-01
-2.034560963511466980e-02,-1.949082710780203342e-03,-4.150477796792984009e-02,4.755801986902952194e-03,-7.746843248605728149e-02,9.331701323390007019e-03,3.858824819326400757e-02,-7.641532924026250839e-03,3.639871999621391296e-02,1.291490904986858368e-02
8.306827396154403687e-02,-4.210031777620315552e-02,1.340108513832092285e-01,9.464962780475616455e-02,-9.030666551552712917e-04,8.216512948274612427e-02,1.013583540916442871e-01,-1.070688106119632721e-02,2.371657453477382660e-02,-1.327472971752285957e-03
1.142124384641647339e-01,-3.218412995338439941e-01,2.251804172992706299e-01,1.090468689799308777e-01,-8.836985379457473755e-02,2.165719270706176758e-01,-5.604685097932815552e-02,3.359113037586212158e-01,-6.414788775146007538e-03,1.343391239643096924e-01
3.184868395328521729e-01,1.643831729888916016e+00,-2.658309459686279297e+00,6.344044804573059082e-01,1.299050450325012207e+00,5.585300326347351074e-01,-1.100470423698425293e+00,-2.395910978317260742e+00,4.721061289310455322e-01,7.595812901854515076e-03
1.773216575384140015e-02,-1.067229658365249634e-01,2.808906883001327515e-02,7.310669869184494019e-02,5.935721844434738159e-02,6.607816368341445923e-02,-4.361952841281890869e-02,8.007306605577468872e-02,6.539455801248550415e-02,-6.232779473066329956e-02
-9.509592503309249878e-02,-1.239459216594696045e-01,1.826860755681991577e-01,5.090466514229774475e-02,-1.513581424951553345e-01,-1.108371242880821228e-01,2.938436530530452728e-02,-8.643312007188796997e-02,1.439565420150756836e-02,1.163911307230591774e-03
1.561369374394416809e-02,-8.707252889871597290e-02,1.138876564800739288e-02,-1.170786619186401367e-01,-6.644838303327560425e-02,2.568991780281066895e-01,6.158015131950378418e-02,-6.146688759326934814e-02,-3.888057917356491089e-02,-1.871785032562911510e-03
3.032556967809796333e-03,1.047650203108787537e-01,7.933046668767929077e-02,3.707693889737129211e-02,5.027837119996547699e-03,9.956097602844238281e-02,-3.723258152604103088e-02,-1.026854589581489563e-01,1.253102570772171021e-01,-5.382619798183441162e-02
3.209798038005828857e-02,-8.206370472908020020e-02,-4.118164628744125366e-02,1.387830674648284912e-01,-1.008133739233016968e-01,1.753202676773071289e-01,3.132199868559837341e-03,5.212328583002090454e-02,1.241398137062788010e-02,5.162329599261283875e-02
8.822598494589328766e-03,-7.932598143815994263e-02,1.671375334262847900e-01,-1.722812652587890625e-01,-1.184715107083320618e-01,1.634313911199569702e-01,2.289847098290920258e-02,-6.985540688037872314e-02,2.282389206811785698e-03,-5.384533107280731201e-02
8.397067338228225708e-02,-1.003506183624267578e-01,7.152502983808517456e-02,1.434579938650131226e-01,-8.839170634746551514e-02,2.089741267263889313e-02,-2.406910620629787445e-02,-1.010825857520103455e-01,9.324689209461212158e-02,1.463669836521148682e-01
-9.360982775688171387e-01,2.587208449840545654e-01,1.089687108993530273e+00,-1.743310213088989258e+00,-1.187664031982421875e+00,-7.537357807159423828e-01,1.961019635200500488e+00,-1.434908032417297363e+00,7.941635251045227051e-01,-1.623431682586669922e+00
-5.171425268054008484e-02,5.347325280308723450e-02,4.363546147942543030e-02,1.150300875306129456e-01,-3.493060544133186340e-02,-2.644957229495048523e-02,-1.217073276638984680e-01,-5.631401389837265015e-02,3.710709512233734131e-02,-3.350102156400680542e-02
-1.979196071624755859e-02,-7.832939922809600830e-02,1.675056964159011841e-01,-3.945617005228996277e-02,-1.049741869792342186e-03,5.052130669355392456e-02,1.112427096813917160e-03,4.353874176740646362e-02,-2.440809644758701324e-02,2.951252507045865059e-03
1.402043923735618591e-02,3.889456391334533691e-02,2.883798070251941681e-02,4.711536318063735962e-02,-3.448715806007385254e-02,4.361647367477416992e-02,-1.862604916095733643e-01,-1.011344641447067261e-01,4.501969218254089355e-01,1.444049179553985596e-01
-1.064514636993408203e+00,5.881639122962951660e-01,3.047321736812591553e-01,-1.270661354064941406e+00,-9.699742794036865234e-01,-9.562060832977294922e-01,1.089773297309875488e+00,-2.178610563278198242e+00,1.118700623512268066e+00,-1.280011057853698730e+00
6.646462529897689819e-02,-2.722320612519979477e-03,1.698511242866516113e-01,-1.634180247783660889e-01,4.627907648682594299e-02,2.322975248098373413e-01,1.003811433911323547e-01,2.535790018737316132e-02,2.951879799365997314e-02,-2.873468038160353899e-04
9.012996405363082886e-02,-8.620943129062652588e-02,9.529953449964523315e-02,-6.329084932804107666e-02,-1.186317875981330872e-01,6.979746371507644653e-02,1.141411587595939636e-01,3.830596059560775757e-02,5.221112817525863647e-02,-3.952729701995849609e-02
-1.462643151171505451e-03,-2.486736699938774109e-02,-8.647934347391128540e-02,2.696713805198669434e-01,1.123971864581108093e-01,-1.251622587442398071e-01,-6.428716704249382019e-03,-4.422861337661743164e-02,6.289244443178176880e-02,-2.193063031882047653e-03
-8.120856285095214844e-01,2.351304143667221069e-01,1.005146622657775879e+00,-1.444024682044982910e+00,-1.073314070701599121e+00,-7.322601675987243652e-01,1.509324312210083008e+00,-1.381454825401306152e+00,4.641689956188201904e-01,-1.422245025634765625e+00
-1.149200439453125000e+00,7.250975966453552246e-01,3.829762935638427734e-01,-1.386625289916992188e+00,-1.058510303497314453e+00,-9.782325029373168945e-01,1.314928650856018066e+00,-2.397795677185058594e+00,1.228202819824218750e+00,-1.406560182571411133e+00
-1.202022731304168701e-01,7.441112995147705078e-01,-1.101306676864624023e+00,7.202382683753967285e-01,2.938374578952789307e-01,-9.799568653106689453e-01,1.033079385757446289e+00,-2.825415611267089844e+00,-1.668076962232589722e-01,1.260714411735534668e+00
5.079402774572372437e-02,-9.257596917450428009e-03,-3.096215613186359406e-02,1.540617346763610840e-01,5.575396120548248291e-02,9.879408031702041626e-02,1.108556687831878662e-01,1.144955530762672424e-01,9.940841048955917358e-02,7.145205140113830566e-02
-5.991736054420471191e-02,-8.463904261589050293e-02,9.481853991746902466e-02,-3.172559291124343872e-02,-8.073238283395767212e-02,6.686941534280776978e-02,3.623605519533157349e-02,-6.273740530014038086e-02,-2.884310483932495117e-02,1.843003183603286743e-02
-1.158674836158752441e+00,6.490536928176879883e-01,5.797275900840759277e-01,-1.242236495018005371e+00,-9.133353829383850098e-01,-1.183186411857604980e+00,1.224161148071289062e+00,-2.318747282028198242e+00,1.687192201614379883e+00,-1.598403096199035645e+00
3.238061070442199707e-02,-1.145291626453399658e-01,-1.010893210768699646e-01,1.081719100475311279e-01,5.913039296865463257e-02,1.083647608757019043e-01,-4.255536198616027832e-02,-9.274811297655105591e-02,1.079071126878261566e-02,4.954668693244457245e-04
2.468129247426986694e-02,-1.239975243806838989e-01,-4.929159209132194519e-02,9.471398591995239258e-02,3.743425011634826660e-02,8.947489783167839050e-03,-3.282334655523300171e-02,6.470639258623123169e-02,2.855198271572589874e-02,-2.714137360453605652e-02
1.405074819922447205e-02,-4.243734758347272873e-03,-1.580379717051982880e-02,3.476962447166442871e-02,6.631415337324142456e-02,-7.378635555505752563e-02,-9.890056401491165161e-02,-7.016158103942871094e-02,6.202030181884765625e-02,-2.314863167703151703e-02
7.720579952001571655e-02,-9.730378538370132446e-02,3.693210333585739136e-02,3.871416300535202026e-02,7.952589541673660278e-02,-8.297711610794067383e-05,-9.758397936820983887e-03,-3.448558598756790161e-02,7.386042922735214233e-02,1.704359799623489380e-02
1.976938545703887939e-01,-9.705349057912826538e-02,2.280511409044265747e-01,2.455205619335174561e-01,4.130142554640769958e-02,-2.312488257884979248e-01,-3.002564013004302979e-01,4.148426353931427002e-01,6.629067659378051758e-01,-1.652093827724456787e-01
3.839025739580392838e-03,-1.737657338380813599e-01,1.137756630778312683e-01,-1.594103276729583740e-01,-1.042483299970626831e-01,1.527399420738220215e-01,-3.245063126087188721e-02,1.642726548016071320e-02,-3.869190439581871033e-02,-7.377322018146514893e-02
1.306840479373931885e-01,8.339944481849670410e-02,-5.101997870951890945e-03,3.865682706236839294e-02,4.428260400891304016e-02,2.317739091813564301e-02,-2.433607541024684906e-02,4.103906452655792236e-02,5.128668248653411865e-02,-2.711279690265655518e-02
1.387493871152400970e-02,-4.436087608337402344e-02,1.738054007291793823e-01,-4.160002991557121277e-02,-1.016515213996171951e-02,-3.053167648613452911e-02,3.131421655416488647e-02,-6.666647642850875854e-02,3.271333873271942139e-02,6.159209087491035461e-02
-1.610130071640014648e-03,1.264440268278121948e-02,8.403360843658447266e-04,5.689524859189987183e-02,-7.567444443702697754e-02,5.359173566102981567e-02,4.378355294466018677e-02,-1.091110482811927795e-01,8.905895799398422241e-02,5.833406001329421997e-02
1.286364942789077759e-01,-2.393690943717956543e-01,2.529778480529785156e-01,1.890493929386138916e-02,-2.044150829315185547e-01,3.761717677116394043e-01,-3.175485506653785706e-02,4.827140271663665771e-01,7.397200167179107666e-02,1.849424093961715698e-01
-9.877717494964599609e-02,-2.826434932649135590e-02,-6.883138418197631836e-02,9.855103492736816406e-02,-1.194081753492355347e-01,8.292607963085174561e-02,2.001063525676727295e-02,1.891465112566947937e-02,-2.612288109958171844e-02,-1.229374669492244720e-02
-2.867016382515430450e-02,-1.023746877908706665e-01,2.656331472098827362e-02,-1.345153339207172394e-02,-4.839656502008438110e-02,3.422359749674797058e-02,-3.130028257146477699e-03,6.064100563526153564e-02,2.928584069013595581e-02,2.643408440053462982e-02
-2.432544343173503876e-02,7.106663286685943604e-02,6.301111727952957153e-02,1.359369307756423950e-01,-7.938437908887863159e-02,1.971370540559291840e-02,5.275897309184074402e-02,3.681402280926704407e-02,6.980080157518386841e-02,-7.146092597395181656e-03
5.902198702096939087e-02,-2.132385224103927612e-01,3.180779814720153809e-01,1.267001032829284668e-01,-4.768281057476997375e-02,-1.241510212421417236e-01,-2.130908519029617310e-01,2.976212799549102783e-01,2.274152636528015137e-01,-2.115647792816162109e-01
-6.269572675228118896e-02,-2.575467526912689209e-02,1.214016303420066833e-01,1.085432767868041992e-01,-7.485897839069366455e-02,1.018083840608596802e-02,6.607517600059509277e-02,3.419728577136993408e-02,1.259291172027587891e-01,-5.367296934127807617e-02
2.893990091979503632e-02,-5.166969820857048035e-02,-4.496010392904281616e-02,4.179720580577850342e-02,1.097322534769773483e-02,-1.471962593495845795e-02,6.732297595590353012e-03,8.735889941453933716e-02,7.200339436531066895e-02,-8.672975003719329834e-03
8.618021756410598755e-02,-1.137410998344421387e-01,1.096579805016517639e-01,-4.066433012485504150e-02,5.571091920137405396e-02,6.127431988716125488e-04,-5.682475864887237549e-02,3.299102932214736938e-02,1.143434867262840271e-01,1.064481586217880249e-02
-4.627494141459465027e-02,-1.081621497869491577e-01,8.383348584175109863e-02,4.833177104592323303e-02,-2.395498193800449371e-02,8.458948880434036255e-02,2.898263558745384216e-02,-1.223852336406707764e-01,-2.487206645309925079e-02,9.163289517164230347e-02
4.667307808995246887e-02,-8.903984911739826202e-03,3.908013552427291870e-02,-8.040589094161987305e-02,-4.439866915345191956e-02,4.231595247983932495e-02,6.862239539623260498e-02,-1.264702975749969482e-01,1.847567595541477203e-02,1.386727089993655682e-03
-5.306784808635711670e-02,3.326650708913803101e-02,1.114663407206535339e-01,-1.491887122392654419e-02,-5.637704581022262573e-02,1.043965592980384827e-01,4.137868434190750122e-02,-3.379800170660018921e-02,2.739524096250534058e-02,4.878200590610504150e-03
2.609973549842834473e-01,-1.845915764570236206e-01,6.294989585876464844e-02,-5.263776183128356934e-01,4.795799776911735535e-02,1.524036765098571777e+00,-8.457769155502319336e-01,-3.192139267921447754e-01,7.555758953094482422e-01,-7.301942706108093262e-01
-1.122619390487670898e+00,6.342310905456542969e-01,3.918859362602233887e-01,-1.318729162216186523e+00,-8.975893855094909668e-01,-9.570699334144592285e-01,1.299330949783325195e+00,-2.402967214584350586e+00,1.247219324111938477e+00,-1.374011158943176270e+00
-4.554967284202575684e-01,1.695294380187988281e+00,-1.760269522666931152e+00,-5.485867857933044434e-01,9.084345102310180664e-01,-3.908412158489227295e-01,-7.801733613014221191e-01,-1.659891366958618164e+00,1.524875044822692871e+00,5.117332935333251953e-01
4.700482189655303955e-01,-5.480470657348632812e-01,1.552145123481750488e+00,5.493224859237670898e-01,-6.367657780647277832e-01,3.683056682348251343e-02,7.871185541152954102e-01,-2.753050088882446289e+00,-8.408229053020477295e-02,-2.500659525394439697e-01
3.737901449203491211e-01,6.404390186071395874e-02,-2.708196341991424561e-01,1.927072852849960327e-01,1.476321928203105927e-02,5.089728832244873047e-01,-2.208101153373718262e-01,-4.102908968925476074e-01,5.963099375367164612e-02,-4.795370250940322876e-02
-5.172255262732505798e-02,-1.210791394114494324e-01,4.954881593585014343e-02,-4.196533933281898499e-02,-1.022206917405128479e-01,3.554235771298408508e-02,7.582563161849975586e-02,-8.238264173269271851e-02,-1.641581580042839050e-02,5.733443424105644226e-02
2.502655982971191406e-01,9.861376881599426270e-02,-1.079658865928649902e-01,8.711230754852294922e-02,-1.214913353323936462e-01,3.138772845268249512e-01,-1.795614063739776611e-01,-2.974674701690673828e-01,1.107920333743095398e-01,3.199740871787071228e-02
-3.594924509525299072e-02,9.790352731943130493e-02,-1.808186806738376617e-02,1.008752360939979553e-01,-3.183170408010482788e-02,3.146768361330032349e-02,-1.456905528903007507e-02,7.732174545526504517e-02,1.381136178970336914e-01,-2.437255345284938812e-02
5.401998385787010193e-02,-1.611096784472465515e-02,-1.263185888528823853e-01,9.313429705798625946e-03,-4.078117199242115021e-03,-8.277094364166259766e-02,-6.576055288314819336e-02,-1.205605342984199524e-01,5.151195079088211060e-02,-1.136161014437675476e-02
-7.034354656934738159e-02,5.615141615271568298e-02,5.079834163188934326e-02,3.381772339344024658e-02,6.868262588977813721e-02,1.000370681285858154e-01,-8.742449432611465454e-02,-1.351247578859329224e-01,1.203775033354759216e-01,4.002413246780633926e-03
1.244726404547691345e-01,-1.622435171157121658e-03,7.834189385175704956e-02,-1.032204600051045418e-03,-8.662358671426773071e-02,3.068771027028560638e-02,6.332691013813018799e-02,-4.294024780392646790e-02,6.012899428606033325e-02,1.785568706691265106e-02
-4.291286319494247437e-02,1.459558214992284775e-02,1.134114190936088562e-01,9.829005599021911621e-02,-1.112594231963157654e-01,1.038498282432556152e-01,-7.319793850183486938e-02,5.085716024041175842e-02,-6.158412620425224304e-02,-9.444893151521682739e-02
3.335010632872581482e-02,1.614140160381793976e-02,3.826355561614036560e-02,-7.219763398170471191e-01,3.084031045436859131e-01,2.060381412506103516e+00,-5.896149277687072754e-01,-5.721731185913085938e-01,8.089853525161743164e-01,-4.802857637405395508e-01
5.863811075687408447e-02,-1.408629715442657471e-01,1.004446968436241150e-01,7.343363016843795776e-02,-1.001332774758338928e-01,-6.003757193684577942e-02,2.243741787970066071e-02,-2.475998848676681519e-01,-4.910791665315628052e-02,-2.259283699095249176e-02
-8.614767193794250488e-01,2.794200181961059570e-01,1.257229924201965332e+00,-1.627916574478149414e+00,-1.119733572006225586e+00,-8.004515171051025391e-01,1.860066294670104980e+00,-1.410122156143188477e+00,7.306450009346008301e-01,-1.622663259506225586e+00
4.275318235158920288e-02,2.489554136991500854e-02,1.157861575484275818e-01,8.009786158800125122e-02,1.704864948987960815e-02,1.190885156393051147e-02,-6.668505072593688965e-02,3.025973588228225708e-02,1.165967658162117004e-01,2.148730307817459106e-02
2.175909839570522308e-02,-2.797954678535461426e-01,4.931246042251586914e-01,1.515292972326278687e-01,-3.461028262972831726e-02,-1.634732782840728760e-01,-2.927740514278411865e-01,5.562763214111328125e-01,7.334706187248229980e-01,1.361688226461410522e-01
5.028995871543884277e-01,1.263695359230041504e-01,-7.573424279689788818e-02,9.198411107063293457e-01,3.019303977489471436e-01,-2.158030122518539429e-01,-6.107057929039001465e-01,2.076598405838012695e-01,1.921130567789077759e-01,-1.935664713382720947e-01
-7.214558869600296021e-02,5.295298062264919281e-03,7.908432930707931519e-02,2.922021411359310150e-02,-2.649722807109355927e-02,7.161750644445419312e-02,-9.591321460902690887e-03,-8.370474912226200104e-03,7.505042105913162231e-02,1.627487502992153168e-02
1.158765405416488647e-01,-1.206124015152454376e-02,-8.633956313133239746e-02,2.062954753637313843e-02,7.253590971231460571e-02,3.573167324066162109e-02,7.196332514286041260e-02,2.154670655727386475e-02,3.487505763769149780e-02,-1.402046997100114822e-03
2.234929241240024567e-02,-2.306203357875347137e-02,6.244691088795661926e-03,1.026561558246612549e-01,-4.956186935305595398e-02,5.216947291046380997e-03,-4.648968949913978577e-02,1.539530325680971146e-02,7.558995485305786133e-02,-6.373836100101470947e-02
-6.519187986850738525e-02,-1.188472658395767212e-01,-6.733898073434829712e-02,-1.785057187080383301e-01,-5.605140328407287598e-01,2.318216413259506226e-01,1.541896611452102661e-01,-5.931484699249267578e-01,1.082845255732536316e-01,-1.513340473175048828e-01
6.856491416692733765e-02,-4.125815629959106445e-02,1.103573665022850037e-01,-1.201736778020858765e-01,-1.158711016178131104e-01,7.060829550027847290e-02,-9.493073076009750366e-02,-5.779238045215606689e-02,2.066472917795181274e-02,-4.610846936702728271e-02
1.817113608121871948e-01,4.279961436986923218e-02,-1.347883939743041992e-01,1.047893986105918884e-01,-9.033773094415664673e-02,5.914074778556823730e-01,-2.401591539382934570e-01,-5.747706890106201172e-01,8.044651150703430176e-02,-5.078245326876640320e-02
4.636565148830413818e-01,-6.057400107383728027e-01,1.486178874969482422e+00,1.122824549674987793e+00,3.804228603839874268e-01,-6.878542900085449219e-01,-2.670302987098693848e-01,1.617184042930603027e+00,1.070083603262901306e-01,-1.455048918724060059e+00
7.520203292369842529e-02,-3.807337954640388489e-02,1.083219721913337708e-01,-1.381752341985702515e-01,-1.005514636635780334e-01,1.561541408300399780e-01,-9.639885276556015015e-02,9.590500034391880035e-03,6.646495312452316284e-02,-7.857333123683929443e-02
-2.923690527677536011e-02,-1.772416681051254272e-01,8.293965458869934082e-02,-2.387679815292358398e-01,-1.351259648799896240e-01,3.138010501861572266e-01,-4.347586538642644882e-03,1.952846199274063110e-01,6.152476370334625244e-02,4.735909029841423035e-02
-1.055150270462036133e+00,6.440146565437316895e-01,5.595698356628417969e-01,-1.183565258979797363e+00,-8.440663814544677734e-01,-1.181061744689941406e+00,1.152439117431640625e+00,-2.168871164321899414e+00,1.694917082786560059e+00,-1.571291446685791016e+00
-6.752539426088333130e-02,-8.633313328027725220e-02,-6.372183561325073242e-02,-4.049136489629745483e-02,-1.050542891025543213e-01,1.185978129506111145e-01,-3.930596262216567993e-02,-4.344255477190017700e-02,1.091855987906455994e-01,-1.222959905862808228e-02
6.533941626548767090e-01,1.936965137720108032e-01,-5.304070115089416504e-01,7.191567420959472656e-01,-6.237172707915306091e-02,2.064383029937744141e-01,-6.717444062232971191e-01,-4.387670755386352539e-01,5.301085114479064941e-01,-3.514764457941055298e-02
4.040158689022064209e-01,1.521786093711853027e+00,-2.628763914108276367e+00,5.274953246116638184e-01,8.442987799644470215e-01,-3.047075569629669189e-01,-6.933196783065795898e-01,-2.498436927795410156e+00,8.681719899177551270e-01,6.504049301147460938e-01
9.669636934995651245e-02,-8.546608686447143555e-02,6.347129493951797485e-02,1.970330625772476196e-02,-8.681938052177429199e-02,9.860973805189132690e-02,6.998834758996963501e-02,8.249638229608535767e-02,-9.699437022209167480e-02,-4.026810079813003540e-02
8.386784791946411133e-02,1.436740811914205551e-02,9.098898619413375854e-02,5.342766642570495605e-02,-3.926767036318778992e-03,1.069246679544448853e-01,5.845113471150398254e-02,-2.146857380867004395e-01,2.815879881381988525e-01,4.015746712684631348e-02
9.654698520898818970e-02,1.741768717765808105e-01,-3.793340623378753662e-01,1.632190197706222534e-01,-5.049613118171691895e-02,6.151205673813819885e-02,-1.723925471305847168e-01,-7.630465030670166016e-01,2.501693665981292725e-01,1.455098763108253479e-02
1.419947296380996704e-01,2.657618559896945953e-02,-7.317868620157241821e-02,1.866705566644668579e-01,-2.053008601069450378e-02,-5.592203885316848755e-02,-1.132461726665496826e-01,9.097056090831756592e-02,7.920160889625549316e-02,-9.245341271162033081e-02
-8.995873332023620605e-01,5.733057856559753418e-01,4.040092229843139648e-01,-1.211650252342224121e+00,-7.733711600303649902e-01,-1.170750498771667480e+00,9.681123495101928711e-01,-1.936410546302795410e+00,1.580003738403320312e+00,-1.493435263633728027e+00
-1.025788307189941406e+00,6.835431456565856934e-01,2.005770057439804077e-01,-1.226496338844299316e+00,-9.495572447776794434e-01,-8.075739145278930664e-01,1.275791764259338379e+00,-2.362318515777587891e+00,8.111759424209594727e-01,-1.182952761650085449e+00
-1.090016245841979980e+00,5.763856172561645508e-01,3.377873301506042480e-01,-1.369102001190185547e+00,-9.022397398948669434e-01,-9.912031292915344238e-01,1.300135135650634766e+00,-2.407084941864013672e+00,1.208700656890869141e+00,-1.364018321037292480e+00
1.082803774625062943e-02,-2.594253122806549072e-01,4.094614386558532715e-01,1.768586635589599609e-01,-2.540499158203601837e-02,2.918462157249450684e-01,-6.165259703993797302e-02,4.410344362258911133e-01,1.067807525396347046e-01,1.808539032936096191e-01
-1.030498668551445007e-01,-9.497275203466415405e-02,5.946286767721176147e-02,1.190120950341224670e-01,4.903443157672882080e-03,4.927533119916915894e-02,-4.317066073417663574e-02,-7.863038778305053711e-02,1.144856438040733337e-01,-3.216863423585891724e-02
-3.221762180328369141e-02,-3.442361578345298767e-02,7.564497739076614380e-02,-2.359628444537520409e-03,-5.963106825947761536e-02,9.493163973093032837e-02,1.502180993556976318e-01,-1.184674054384231567e-01,3.599556162953376770e-02,9.320519119501113892e-02
2.926854416728019714e-02,-1.223865225911140442e-01,-7.306674029678106308e-03,6.548018008470535278e-02,-1.097613275051116943e-01,8.018975704908370972e-02,-6.417826563119888306e-02,3.398468717932701111e-02,1.002872711978852749e-03,2.787497080862522125e-02
1.166351810097694397e-01,-1.154256612062454224e-01,-1.881772279739379883e-02,1.178594902157783508e-01,-4.056254774332046509e-02,5.023629218339920044e-02,-8.158278465270996094e-02,1.043079867959022522e-01,5.944532901048660278e-02,-4.356732219457626343e-02
3.288172483444213867e-01,1.855568587779998779e-01,-4.211577177047729492e-01,4.424624443054199219e-01,-8.900310099124908447e-02,3.618808984756469727e-01,-4.660253524780273438e-01,-5.776399970054626465e-01,1.726723313331604004e-01,-1.085155010223388672e-01
1.273519277572631836e+00,6.700345873832702637e-01,-1.551367044448852539e+00,2.708524942398071289e+00,3.232301175594329834e-01,-1.221124410629272461e+00,-1.741837024688720703e+00,2.066267281770706177e-01,7.731864452362060547e-01,2.099343776702880859e+00
-2.506181597709655762e-02,-8.305937051773071289e-02,1.583801358938217163e-01,-7.500524818897247314e-02,1.870999112725257874e-02,2.404059097170829773e-02,1.430772710591554642e-02,7.146819680929183960e-02,9.169742465019226074e-03,1.668332889676094055e-02
4.090793430805206299e-02,1.418120693415403366e-02,1.020298339426517487e-02,1.091662123799324036e-01,-5.228959023952484131e-02,2.194674126803874969e-02,2.033796720206737518e-02,6.952524930238723755e-02,6.519407778978347778e-02,9.015471488237380981e-02
-7.715855240821838379e-01,6.243036985397338867e-01,-6.805621087551116943e-02,-1.012295007705688477e+00,-1.019994735717773438e+00,-7.945050597190856934e-01,6.865798234939575195e-01,-1.892405748367309570e+00,5.008901357650756836e-01,-9.540862441062927246e-01
-6.633185781538486481e-03,-9.394960850477218628e-02,4.873334243893623352e-02,5.226665735244750977e-02,-1.057071089744567871e-01,-5.392130464315414429e-02,-2.336911298334598541e-02,-4.295159131288528442e-02,-3.164942143484950066e-03,5.537061486393213272e-03
-4.834473505616188049e-02,-2.234156616032123566e-02,1.182698532938957214e-01,1.071959212422370911e-01,-2.828221209347248077e-02,2.719095163047313690e-02,-1.344960480928421021e-01,-8.886698633432388306e-02,-1.676989346742630005e-02,-5.914126709103584290e-02
3.556511178612709045e-02,-6.702786684036254883e-02,9.493298083543777466e-02,-1.019322946667671204e-01,-2.662923373281955719e-02,1.667648255825042725e-01,7.377024739980697632e-02,2.303478308022022247e-02,-3.362370654940605164e-02,-4.589717090129852295e-02
7.250887155532836914e-02,-1.139298528432846069e-01,1.815800741314888000e-02,-1.797897666692733765e-01,-9.711768478155136108e-02,2.060014158487319946e-01,4.243803024291992188e-02,4.524922743439674377e-02,1.968591473996639252e-02,-7.386981695890426636e-02
7.220515608787536621e-02,-9.452239423990249634e-02,8.519943803548812866e-02,1.252564787864685059e-01,2.483835443854331970e-02,-6.263228505849838257e-02,6.620329339057207108e-03,-4.669089987874031067e-02,1.191720589995384216e-01,-5.189280956983566284e-03
-9.251388311386108398e-01,6.729198694229125977e-01,4.932129979133605957e-01,-1.120218157768249512e+00,-7.913379669189453125e-01,-1.203813195228576660e+00,9.834870696067810059e-01,-2.006098031997680664e+00,1.626947760581970215e+00,-1.523701906204223633e+00
2.246632874011993408e-01,3.387348651885986328e-01,-4.325471222400665283e-01,1.871068775653839111e-01,-2.237886190414428711e-01,2.986993081867694855e-02,-2.304913997650146484e-01,-1.138085961341857910e+00,5.343664884567260742e-01,1.864526420831680298e-01
1.390387769788503647e-02,-7.862678170204162598e-02,-3.136710822582244873e-02,9.862396121025085449e-02,-1.042665820568799973e-02,9.453612565994262695e-02,-5.216550827026367188e-02,-1.512315571308135986e-01,-2.102807909250259399e-02,-9.088857471942901611e-02
1.419783681631088257e-01,-4.712833091616630554e-02,6.914468854665756226e-02,-1.495890319347381592e-01,8.544991724193096161e-03,6.011388450860977173e-02,1.251229457557201385e-02,4.206397105008363724e-03,7.044001482427120209e-03,-3.368223458528518677e-02
-7.806669473648071289e-01,7.138834893703460693e-02,1.078008174896240234e+00,-1.557312250137329102e+00,-9.046911001205444336e-01,-7.322017550468444824e-01,2.007615566253662109e+00,-1.341675400733947754e+00,5.439323782920837402e-01,-1.731424450874328613e+00
4.661732539534568787e-02,-1.815849691629409790e-01,-3.774891793727874756e-02,-2.421746402978897095e-01,-1.197283715009689331e-01,1.730290353298187256e-01,3.873957693576812744e-02,2.842648699879646301e-02,3.170739114284515381e-02,-5.154198408126831055e-02
-2.240592055022716522e-02,6.530777364969253540e-02,7.313056290149688721e-02,9.783145785331726074e-02,-9.120388329029083252e-02,4.967874288558959961e-02,5.671965330839157104e-02,1.191727519035339355e-01,4.544127359986305237e-02,-7.495526224374771118e-03
1.312776356935501099e-01,9.102718532085418701e-02,-2.866911143064498901e-02,-3.259314969182014465e-02,1.386964507400989532e-02,1.310987174510955811e-01,-5.147703364491462708e-02,-1.187879890203475952e-01,2.748798206448554993e-02,-2.627608180046081543e-02
1.882855892181396484e-01,-6.766517460346221924e-02,-3.804592415690422058e-02,4.789581894874572754e-02,2.676326595246791840e-02,6.748767197132110596e-02,-5.079873371869325638e-04,9.995036572217941284e-02,-3.475958108901977539e-02,-6.952048838138580322e-02
-2.032569982111454010e-02,-4.438080638647079468e-02,5.271383374929428101e-02,8.738347329199314117e-03,-8.805974572896957397e-02,1.858704723417758942e-02,-2.337392792105674744e-02,-3.748079240322113037e-01,1.318256705999374390e-01,-4.420109465718269348e-02
8.214142173528671265e-02,-1.444024443626403809e-01,3.661824762821197510e-02,-8.802530169486999512e-02,4.192272573709487915e-02,1.103443875908851624e-01,7.218747586011886597e-02,5.456073582172393799e-02,2.882466278970241547e-02,-1.512043084949254990e-02
1.690700277686119080e-02,-8.122165501117706299e-02,1.186751127243041992e-01,-1.199000850319862366e-01,1.848519034683704376e-02,1.997269243001937866e-01,7.424995768815279007e-03,1.949521526694297791e-02,4.638783633708953857e-02,-6.859526038169860840e-02
8.499663323163986206e-02,4.196100682020187378e-02,3.401827067136764526e-02,1.248239725828170776e-02,3.505902737379074097e-02,5.920139700174331665e-02,5.113057792186737061e-03,-5.945805460214614868e-02,3.169634193181991577e-02,1.416712999343872070e-03
-4.134658575057983398e-01,5.630508065223693848e-01,-7.981275916099548340e-01,3.571502864360809326e-01,1.162689849734306335e-01,-1.436100453138351440e-01,3.030562996864318848e-01,-3.938440799713134766e+00,2.309772729873657227e+00,1.935206413269042969e+00
3.289651572704315186e-01,-1.640287637710571289e-01,-5.268172025680541992e-01,3.071627579629421234e-03,4.008974134922027588e-02,7.936429977416992188e-01,9.445746988058090210e-02,-7.636148333549499512e-01,1.059720516204833984e+00,4.366607666015625000e-01
-8.455399423837661743e-02,-1.125009804964065552e-01,8.066432923078536987e-02,-6.409165449440479279e-03,-5.676166713237762451e-02,-4.246921744197607040e-03,-4.421812668442726135e-02,-1.056068018078804016e-01,2.059428021311759949e-02,7.271537929773330688e-02
-1.164389610290527344e+00,6.069517135620117188e-01,2.191501408815383911e-01,-1.294293880462646484e+00,-1.042353630065917969e+00,-9.470787048339843750e-01,1.252614378929138184e+00,-2.334368228912353516e+00,1.188401579856872559e+00,-1.359680891036987305e+00
-1.135559678077697754e+00,7.681631445884704590e-01,3.718061745166778564e-01,-1.310965180397033691e+00,-1.050613045692443848e+00,-9.882750511169433594e-01,1.361102223396301270e+00,-2.345065593719482422e+00,1.306691050529479980e+00,-1.429780721664428711e+00
5.535376444458961487e-02,5.370542779564857483e-02,2.913177013397216797e-02,2.793168425559997559e-01,4.678076505661010742e-02,-3.820164129137992859e-02,-2.321857213973999023e-01,5.974533036351203918e-02,3.110692091286182404e-02,-9.292352199554443359e-02
7.217005360871553421e-03,-4.614338278770446777e-02,9.287691116333007812e-02,1.039408333599567413e-02,3.348422050476074219e-02,6.295315921306610107e-02,-6.927476264536380768e-03,3.069631988182663918e-03,1.647348143160343170e-02,-8.318049833178520203e-03
-8.335063457489013672e-01,2.800705134868621826e-01,1.161873817443847656e+00,-1.687681436538696289e+00,-1.166323423385620117e+00,-7.706285715103149414e-01,1.741316318511962891e+00,-1.415928959846496582e+00,6.703021526336669922e-01,-1.534148931503295898e+00
4.364614933729171753e-02,-1.019274592399597168e-01,4.394990950822830200e-02,4.167615622282028198e-02,-7.904784381389617920e-02,5.090724676847457886e-02,1.094175204634666443e-01,2.231604605913162231e-02,3.893860429525375366e-02,-2.805880457162857056e-02
1.852082014083862305e-01,1.570781826972961426e+00,-2.539202690124511719e+00,3.348283767700195312e-01,1.133741140365600586e+00,4.658840596675872803e-01,-1.299807071685791016e+00,-2.493951082229614258e+00,5.292291641235351562e-01,1.862088916823267937e-03
-5.971064046025276184e-02,-6.743583828210830688e-02,2.903188206255435944e-02,9.089744091033935547e-02,-1.049965023994445801e-01,1.068439520895481110e-02,-8.660945110023021698e-03,-2.117977477610111237e-02,-1.132918894290924072e-02,4.824168607592582703e-02
-2.002381905913352966e-02,-7.124271243810653687e-02,6.372501701116561890e-02,3.178956359624862671e-02,-2.675153873860836029e-02,-5.674733594059944153e-02,1.782745006494224072e-03,-3.314665704965591431e-02,8.752544224262237549e-02,1.019533947110176086e-01
-1.030380725860595703e+00,7.120141983032226562e-01,3.607388734817504883e-01,-1.337041258811950684e+00,-1.058314681053161621e+00,-9.878820180892944336e-01,1.176853775978088379e+00,-2.348060369491577148e+00,1.162173628807067871e+00,-1.335168480873107910e+00
-3.577595576643943787e-02,-1.041455343365669250e-01,3.856672847177833319e-04,1.487282961606979370e-01,-3.242126852273941040e-02,-1.711123436689376831e-02,-2.201663516461849213e-02,5.688491091132164001e-02,-8.456605486571788788e-03,-6.964732706546783447e-02
-1.795009896159172058e-02,-1.316575109958648682e-01,1.619566529989242554e-01,-1.665507555007934570e-01,2.855877764523029327e-02,2.398041039705276489e-01,-7.754444330930709839e-02,-4.276287928223609924e-02,5.441596359014511108e-02,-6.278461217880249023e-02
-9.520488381385803223e-01,5.178861618041992188e-01,1.500894308090209961e+00,-5.850058197975158691e-01,-9.570590257644653320e-01,-2.186033010482788086e+00,2.232278585433959961e+00,-6.274557709693908691e-01,1.595724582672119141e+00,-1.012112975120544434e+00
-3.794535249471664429e-02,-5.587543174624443054e-02,-2.811134420335292816e-02,1.391099244356155396e-01,-1.091474667191505432e-01,-6.041148677468299866e-02,1.897088997066020966e-02,-1.336550712585449219e-01,-2.516760258004069328e-03,1.557576935738325119e-02
1.019139885902404785e-01,-1.362400054931640625e-01,5.215050652623176575e-02,-1.009471155703067780e-02,-9.617085754871368408e-02,4.190995171666145325e-02,4.279356077313423157e-02,-1.687561422586441040e-01,3.037793338298797607e-01,3.376729786396026611e-02
1.546227484941482544e-01,7.386479526758193970e-02,-1.531188841909170151e-02,1.578362733125686646e-01,-3.871316090226173401e-03,-1.147588193416595459e-01,-1.110022217035293579e-01,-8.626608178019523621e-03,1.808854751288890839e-02,-4.969652369618415833e-02
7.241690158843994141e-02,-1.231951415538787842e-01,-9.820510447025299072e-02,1.896746456623077393e-01,5.356465931981801987e-03,-9.471927583217620850e-02,-2.118285149335861206e-01,5.410072207450866699e-02,1.716689392924308777e-02,-9.942443668842315674e-02
2.732789516448974609e-01,2.822410762310028076e-01,-3.342123627662658691e-01,4.802334308624267578e-01,-1.230214387178421021e-01,3.527673482894897461e-01,-2.701641619205474854e-01,-7.683843970298767090e-01,2.971805259585380554e-02,-3.805124759674072266e-02
-2.728091739118099213e-02,-3.939180672168731689e-01,3.108269870281219482e-01,-8.808818459510803223e-01,-1.607700288295745850e-01,2.488728046417236328e+00,-1.494480252265930176e+00,-3.872261941432952881e-01,6.883419156074523926e-01,-1.084115147590637207e+00
5.966455489397048950e-02,1.175465411506593227e-03,-1.027091890573501587e-01,5.361271277070045471e-02,-1.649986356496810913e-01,-9.783060103654861450e-02,-1.079623624682426453e-01,-1.848350651562213898e-02,1.379409581422805786e-01,-4.096200317144393921e-02
-1.122113037854433060e-02,-2.047015354037284851e-02,-8.298564702272415161e-02,7.915464043617248535e-02,9.654011577367782593e-02,1.082886531949043274e-01,1.083673760294914246e-01,-4.140474647283554077e-02,2.970859035849571228e-02,-1.197902578860521317e-02
-3.701394498348236084e-01,4.974625259637832642e-02,7.904587388038635254e-01,-1.287499189376831055e+00,-1.104926347732543945e+00,-3.875343203544616699e-01,6.264035701751708984e-01,-8.184311389923095703e-01,-1.498878002166748047e-01,-7.041471600532531738e-01
4.159147664904594421e-02,-1.814659982919692993e-01,5.849545598030090332e-01,-5.116278529167175293e-01,-7.281823754310607910e-01,1.767800003290176392e-01,1.142783239483833313e-01,-3.431261479854583740e-01,-1.534775048494338989e-01,-1.162783429026603699e-01
7.919935137033462524e-02,-1.050045117735862732e-01,2.153113633394241333e-01,-1.652410328388214111e-01,-2.328207343816757202e-01,3.058986067771911621e-01,1.758704185485839844e-01,-3.109211027622222900e-01,-5.610419437289237976e-02,-1.579463481903076172e-01
-8.344416618347167969e-01,7.613205164670944214e-02,1.077955126762390137e+00,-1.552962303161621094e+00,-9.707593917846679688e-01,-6.666395664215087891e-01,1.644964575767517090e+00,-1.431898474693298340e+00,4.439319372177124023e-01,-1.500252842903137207e+00
-4.342661425471305847e-02,-4.836931452155113220e-02,6.257674843072891235e-02,2.504421630874276161e-03,-4.235439747571945190e-02,-1.501201838254928589e-02,6.422996520996093750e-02,4.030882939696311951e-02,2.496886067092418671e-02,5.214237049221992493e-02
-4.018048942089080811e-02,-8.485703915357589722e-02,-2.008170820772647858e-02,1.074486598372459412e-01,-5.940937995910644531e-02,-2.631227485835552216e-02,-7.964638061821460724e-03,9.479865431785583496e-02,8.699626475572586060e-02,-3.002105467021465302e-02
1.133904308080673218e-01,-6.119079515337944031e-02,5.006184056401252747e-02,1.082484796643257141e-01,9.210793301463127136e-03,-1.685258466750383377e-03,-8.891689032316207886e-02,1.596438512206077576e-02,-6.960120052099227905e-02,-5.222690105438232422e-02
9.271492809057235718e-02,-9.306245297193527222e-02,-2.420969121158123016e-02,1.116706058382987976e-01,-6.187759712338447571e-02,1.272416412830352783e-01,5.272046849131584167e-02,-4.754833877086639404e-02,-1.507590524852275848e-02,-3.976656869053840637e-02
-4.799422621726989746e-02,3.240830078721046448e-02,6.198297720402479172e-03,1.789588667452335358e-02,-1.095688119530677795e-01,-2.416674979031085968e-02,5.347545072436332703e-02,-8.474181592464447021e-02,4.845495522022247314e-02,5.495345219969749451e-02
4.306678101420402527e-02,1.731122960336506367e-03,1.423685252666473389e-02,2.140448242425918579e-02,-4.914164170622825623e-02,1.052047684788703918e-01,3.230331093072891235e-02,-5.045003723353147507e-03,-9.059730917215347290e-03,-6.118920817971229553e-02
4.258612915873527527e-02,3.400948271155357361e-02,1.139052733778953552e-01,5.960791185498237610e-02,-9.000306017696857452e-03,-1.538445428013801575e-02,2.266961149871349335e-02,1.950743980705738068e-02,8.704710006713867188e-02,7.239458709955215454e-02
6.040845066308975220e-02,1.284631714224815369e-02,4.493691027164459229e-02,5.276926606893539429e-02,3.451343998312950134e-02,1.471976935863494873e-01,-7.974627614021301270e-02,-1.251602917909622192e-01,1.656730920076370239e-01,6.533872336149215698e-02
-7.542934417724609375e-01,1.047462746500968933e-01,1.074312925338745117e+00,-1.446491360664367676e+00,-9.082149863243103027e-01,-6.821463704109191895e-01,1.889964342117309570e+00,-1.425389170646667480e+00,5.493630170822143555e-01,-1.701207995414733887e+00
1.080889627337455750e-01,5.850772559642791748e-02,5.369140580296516418e-02,3.161760105285793543e-04,-8.579930290579795837e-03,1.311098784208297729e-01,-6.637037731707096100e-03,-2.163119986653327942e-02,3.183798631653189659e-03,-7.274742424488067627e-02
-7.569927722215652466e-02,4.453537985682487488e-02,5.115691199898719788e-02,1.207130551338195801e-01,-1.651552319526672363e-01,8.536476641893386841e-02,3.402430191636085510e-02,-2.870990931987762451e-01,3.448721766471862793e-01,1.508793830871582031e-01
1.771454699337482452e-02,-1.547747254371643066e-01,6.982840597629547119e-03,1.707579493522644043e-01,-3.658115118741989136e-02,-6.952938437461853027e-02,6.175683811306953430e-02,-1.895816177129745483e-01,2.250088565051555634e-02,-2.004459500312805176e-02
8.690932393074035645e-01,-9.420235157012939453e-01,2.201316833496093750e+00,3.968735933303833008e-01,-2.398797720670700073e-01,-1.569321602582931519e-01,2.489024773240089417e-02,6.644284129142761230e-01,2.670165896415710449e-01,-3.524084806442260742e+00
5.832326412200927734e-02,7.038989663124084473e-02,-2.467381767928600311e-02,1.980496197938919067e-01,4.418485611677169800e-02,-1.125226542353630066e-01,-1.027004495263099670e-01,4.915059730410575867e-02,1.572223454713821411e-01,-1.811662688851356506e-03
-8.146669864654541016e-01,5.688706636428833008e-01,4.789443314075469971e-01,-1.178331971168518066e+00,-7.531725168228149414e-01,-1.153594732284545898e+00,8.487758040428161621e-01,-1.861892461776733398e+00,1.479763388633728027e+00,-1.414172530174255371e+00
2.101640403270721436e-02,-2.109709195792675018e-02,-1.322243921458721161e-02,4.850611463189125061e-02,-1.059472560882568359e-01,-4.640852287411689758e-02,-3.145711123943328857e-02,-9.525953233242034912e-02,2.114086784422397614e-02,3.492651507258415222e-02
-2.862509805709123611e-03,9.292347822338342667e-04,-1.935587972402572632e-01,1.676617003977298737e-02,-2.442956157028675079e-02,1.716346591711044312e-01,-8.255533128976821899e-02,-1.641099452972412109e-01,7.395607233047485352e-02,-1.080703176558017731e-02
4.238722622394561768e-01,6.607554107904434204e-02,-4.715893566608428955e-01,4.674218595027923584e-01,-1.641722023487091064e-01,5.172907114028930664e-01,-2.622735500335693359e-01,-9.155017137527465820e-01,1.114682331681251526e-01,1.829963922500610352e-02
-3.297276049852371216e-02,-1.642547696828842163e-01,1.655791848897933960e-01,-1.674605309963226318e-01,-2.514218725264072418e-02,1.719661951065063477e-01,4.626450128853321075e-03,7.994517683982849121e-03,-4.910895600914955139e-02,-5.578092858195304871e-02
6.745690107345581055e-02,4.936990141868591309e-02,6.219616904854774475e-02,1.559039950370788574e-01,-1.003568693995475769e-01,3.851899877190589905e-02,-1.558296978473663330e-01,-2.364069819450378418e-01,-3.759461641311645508e-02,1.607277989387512207e-02
-6.194730848073959351e-02,5.807441659271717072e-03,8.590354770421981812e-02,3.650537878274917603e-02,1.355137955397367477e-02,2.591082639992237091e-02,-6.196600571274757385e-02,-6.069873273372650146e-02,1.324947625398635864e-01,6.310293823480606079e-02
-1.790996082127094269e-02,-3.495574370026588440e-02,5.405478551983833313e-02,4.316324740648269653e-02,3.178039565682411194e-02,-1.035313308238983154e-02,-3.672691807150840759e-02,-6.343092769384384155e-02,-4.742109775543212891e-02,-9.029980748891830444e-03
-7.996742725372314453e-01,2.825783193111419678e-01,1.050855636596679688e+00,-1.403239607810974121e+00,-1.022247791290283203e+00,-7.090899348258972168e-01,1.942824363708496094e+00,-1.369421601295471191e+00,5.987440943717956543e-01,-1.691859602928161621e+00
-5.220760405063629150e-02,-1.003398820757865906e-01,5.693975836038589478e-02,-8.989046514034271240e-02,4.359330981969833374e-02,7.902079075574874878e-02,-5.579078197479248047e-02,-1.089061275124549866e-01,-1.837479323148727417e-02,-2.054266631603240967e-03
-1.137429833412170410e+00,6.713674664497375488e-01,4.229682683944702148e-01,-1.328539848327636719e+00,-9.420083165168762207e-01,-1.117227435111999512e+00,1.260214924812316895e+00,-2.278127908706665039e+00,1.456094622611999512e+00,-1.512520313262939453e+00
8.540531247854232788e-02,-1.228099409490823746e-02,1.893996633589267731e-02,6.746353209018707275e-02,-6.616239994764328003e-02,1.430435031652450562e-01,-1.327347606420516968e-01,-3.692754358053207397e-02,2.688917331397533417e-02,1.043564174324274063e-02
5.050085186958312988e-01,1.171976923942565918e-01,-5.952710658311843872e-02,6.891829371452331543e-01,3.170478641986846924e-01,-2.245916277170181274e-01,-5.389569401741027832e-01,8.068837225437164307e-03,1.393308937549591064e-01,-1.998556107282638550e-01
8.056842535734176636e-02,-1.911078393459320068e-01,-7.331191562116146088e-03,-1.774652898311614990e-01,5.413389205932617188e-02,2.467879951000213623e-01,8.216109126806259155e-02,-6.714625656604766846e-02,-1.327260024845600128e-02,-3.812802955508232117e-02
-3.818457946181297302e-02,-1.226810459047555923e-02,4.581698030233383179e-02,2.799923345446586609e-02,-1.143395230174064636e-01,1.026954352855682373e-01,9.960033744573593140e-02,1.100536808371543884e-02,1.402019802480936050e-02,9.469841420650482178e-02
-1.072105646133422852e+00,6.567854881286621094e-01,3.189940154552459717e-01,-1.244282841682434082e+00,-9.197095036506652832e-01,-1.149317502975463867e+00,1.329741358757019043e+00,-2.341531515121459961e+00,1.572969436645507812e+00,-1.557168245315551758e+00
5.760489702224731445e-01,-3.673785924911499023e-01,1.132880210876464844e+00,7.243655323982238770e-01,3.258881717920303345e-02,-6.197534035891294479e-03,-2.786923348903656006e-01,8.702589273452758789e-01,1.764687001705169678e-01,-7.779733538627624512e-01
-1.056565999984741211e+00,6.628181338310241699e-01,3.182085156440734863e-01,-1.090878963470458984e+00,-8.853611350059509277e-01,-1.104346275329589844e+00,1.046053409576416016e+00,-2.103436946868896484e+00,1.484760999679565430e+00,-1.470357656478881836e+00
8.652649074792861938e-02,6.640626490116119385e-02,-1.027531642466783524e-02,1.439795494079589844e-01,3.878315165638923645e-02,-1.195023506879806519e-01,-6.506817787885665894e-02,2.355363033711910248e-02,1.621286273002624512e-01,2.949210628867149353e-02
6.780025959014892578e-01,2.591124502941966057e-03,-1.492872238159179688e-01,1.086639046669006348e+00,4.967407286167144775e-01,-1.329685747623443604e-01,-7.085913419723510742e-01,2.492424100637435913e-01,2.636624872684478760e-01,-1.972473710775375366e-01
1.572758108377456665e-01,-2.470836974680423737e-02,-4.881461337208747864e-02,1.189327519387006760e-02,3.413946181535720825e-02,-8.994836360216140747e-03,-1.237974595278501511e-02,-1.058176457881927490e-01,1.226444467902183533e-01,5.659584328532218933e-02
-9.987035393714904785e-01,6.401299238204956055e-01,1.603596359491348267e-01,-1.310994863510131836e+00,-1.058946609497070312e+00,-8.805431723594665527e-01,1.249387979507446289e+00,-2.316671848297119141e+00,9.348524212837219238e-01,-1.239891052246093750e+00
-1.080703973770141602e+00,6.992173790931701660e-01,3.038291931152343750e-01,-1.254424095153808594e+00,-9.301419258117675781e-01,-1.001851081848144531e+00,1.295380353927612305e+00,-2.394838571548461914e+00,1.291631340980529785e+00,-1.402409911155700684e+00
1.057461947202682495e-01,7.946815341711044312e-02,-1.250717639923095703e-01,2.618026733398437500e-01,8.030410110950469971e-02,-1.454987376928329468e-01,-5.789939314126968384e-02,-5.289965495467185974e-02,2.038227319717407227e-01,1.690910197794437408e-02
1.307045966386795044e-01,-3.201417252421379089e-02,8.901451528072357178e-02,2.211573906242847443e-02,-1.074902564287185669e-01,1.225952953100204468e-01,-1.026476249098777771e-01,3.505615051835775375e-03,-8.127475529909133911e-02,-9.765955805778503418e-02
-7.111356854438781738e-01,2.040554434061050415e-01,1.044188976287841797e+00,-1.429643511772155762e+00,-1.007869958877563477e+00,-7.221401929855346680e-01,1.472562313079833984e+00,-1.354193329811096191e+00,4.585243761539459229e-01,-1.422329187393188477e+00
-9.289104938507080078e-01,6.483358740806579590e-01,3.687207102775573730e-01,-1.189703345298767090e+00,-8.451301455497741699e-01,-1.159965157508850098e+00,1.178668498992919922e+00,-2.104302883148193359e+00,1.730477452278137207e+00,-1.589246869087219238e+00
2.765491902828216553e-01,-4.668508097529411316e-02,-2.636900842189788818e-01,2.322289943695068359e-01,4.520990699529647827e-02,2.625514566898345947e-01,-2.590448260307312012e-01,-2.359236776828765869e-01,1.039213836193084717e-01,-5.303278192877769470e-02
-1.111603498458862305e+00,7.435962557792663574e-01,4.805557131767272949e-01,-1.224913835525512695e+00,-9.710849523544311523e-01,-1.141376018524169922e+00,1.270510077476501465e+00,-2.277204751968383789e+00,1.531900405883789062e+00,-1.543130993843078613e+00
9.300672262907028198e-02,-1.556980609893798828e-01,-4.400846734642982483e-02,1.337420195341110229e-01,2.207339741289615631e-02,1.036065258085727692e-02,-9.612880647182464600e-03,-2.497430704534053802e-02,7.400987297296524048e-02,-1.733677578158676624e-03
7.245322316884994507e-02,-6.616840511560440063e-02,8.787300437688827515e-02,8.097358793020248413e-02,-2.252282015979290009e-02,7.792801409959793091e-02,-5.481899529695510864e-02,1.865397393703460693e-02,5.493203550577163696e-02,5.850860103964805603e-02
-9.456326961517333984e-01,2.228975594043731689e-01,1.216490745544433594e+00,-1.488044619560241699e+00,-1.086191892623901367e+00,-6.817781925201416016e-01,1.745973110198974609e+00,-1.299145460128784180e+00,6.251695156097412109e-01,-1.540974020957946777e+00
1.315730065107345581e-01,-2.235697209835052490e-02,1.236819848418235779e-02,1.683830171823501587e-01,-3.287102282047271729e-02,1.054320484399795532e-01,-7.206448912620544434e-02,-2.963247299194335938e-01,9.952416270971298218e-02,9.711267799139022827e-02
-2.197902090847492218e-02,-6.587261334061622620e-03,1.189472079277038574e-01,-6.506907194852828979e-02,-1.258290410041809082e-01,3.131468221545219421e-02,-7.307802140712738037e-02,-8.187128603458404541e-02,-7.457444071769714355e-02,-3.278134390711784363e-02
7.427350431680679321e-02,-5.500824004411697388e-02,-1.444087922573089600e-02,1.072261407971382141e-01,-1.086181402206420898e-01,8.789134770631790161e-02,7.519667595624923706e-02,-2.385014295578002930e-02,-7.124048471450805664e-02,-6.912649422883987427e-02
-1.587218977510929108e-02,-5.162464454770088196e-03,5.409818142652511597e-02,-7.027262449264526367e-02,-8.132823742926120758e-03,1.848298162221908569e-01,4.682039096951484680e-02,-3.248899057507514954e-02,-3.871479630470275879e-02,-2.300654910504817963e-02
9.611153602600097656e-01,1.420627683401107788e-01,-1.932763457298278809e-01,1.720656156539916992e+00,1.057310104370117188e+00,-1.833237558603286743e-01,-7.907001376152038574e-01,3.811960518360137939e-01,5.701955556869506836e-01,-2.826191484928131104e-01
-7.657378166913986206e-02,-4.040590673685073853e-02,-3.037496469914913177e-02,1.112656369805335999e-01,-3.263936191797256470e-02,2.127132378518581390e-03,-6.298362463712692261e-02,3.974967077374458313e-02,1.928749121725559235e-02,-3.989235498011112213e-03
4.014513790607452393e-01,1.071733012795448303e-01,-3.169644474983215332e-01,3.256808221340179443e-01,-8.610989316366612911e-04,4.782644808292388916e-01,-1.715461462736129761e-01,-6.455119848251342773e-01,2.213867753744125366e-02,-1.511125080287456512e-02
-4.792030528187751770e-02,2.564719505608081818e-02,1.277484297752380371e-01,1.316536515951156616e-01,-1.315342038869857788e-01,-2.662902697920799255e-02,5.908312648534774780e-02,-8.436387032270431519e-02,-9.263317100703716278e-03,-1.095150038599967957e-02
4.006955772638320923e-02,-3.826005011796951294e-02,1.133641973137855530e-01,-4.921331629157066345e-02,-9.054648876190185547e-02,2.899422124028205872e-02,-8.676506578922271729e-02,5.443976074457168579e-02,6.483925879001617432e-02,-5.124295130372047424e-02
1.510201990604400635e-01,4.134865477681159973e-02,5.422261543571949005e-03,-1.626070030033588409e-02,5.452124401926994324e-02,9.166032820940017700e-02,8.728985488414764404e-02,1.897520571947097778e-02,-3.555334731936454773e-02,-2.077521011233329773e-02
-9.156526625156402588e-02,-9.865371882915496826e-02,-3.982601314783096313e-02,8.169890940189361572e-02,-1.430707126855850220e-01,6.962485611438751221e-02,1.147403120994567871e-01,-7.161018997430801392e-02,-1.405990775674581528e-02,6.962254643440246582e-02
3.023708611726760864e-02,-3.486061841249465942e-02,4.471892863512039185e-02,-1.047652065753936768e-01,-7.456479966640472412e-02,2.332458645105361938e-02,-5.898271128535270691e-02,6.871347874402999878e-02,8.166582137346267700e-02,2.171618491411209106e-02
5.594790447503328323e-03,5.717439204454421997e-02,3.769686073064804077e-02,1.843213886022567749e-01,5.037022009491920471e-02,-9.556172043085098267e-02,-2.425160109996795654e-01,8.642087876796722412e-02,2.964468896389007568e-01,-4.902626574039459229e-02
4.639782384037971497e-02,-1.858359277248382568e-01,2.380787581205368042e-02,-8.520718663930892944e-02,5.129070486873388290e-03,2.004490196704864502e-01,1.127748638391494751e-01,-3.177773579955101013e-02,-8.057273924350738525e-02,-5.087583884596824646e-02
-7.383934259414672852e-01,1.698491275310516357e-01,1.157094597816467285e+00,-1.559580922126770020e+00,-9.945716857910156250e-01,-6.886028647422790527e-01,2.046859979629516602e+00,-1.327283740043640137e+00,5.082489252090454102e-01,-1.801270127296447754e+00
-2.617660723626613617e-02,1.014583930373191833e-01,6.582575291395187378e-02,3.438020497560501099e-02,-1.063653752207756042e-01,-2.939029596745967865e-03,1.573426416143774986e-03,1.836939714848995209e-02,-5.694336257874965668e-03,6.505645345896482468e-03
-1.123391270637512207e+00,5.436634421348571777e-01,3.177762329578399658e-01,-1.099107861518859863e+00,-8.040947914123535156e-01,-1.170180320739746094e+00,1.034137487411499023e+00,-2.129798173904418945e+00,1.657431125640869141e+00,-1.532888054847717285e+00
7.104656845331192017e-02,-1.055297181010246277e-01,-7.955197989940643311e-02,-1.244729477912187576e-02,-9.465890377759933472e-02,-1.486988514661788940e-01,-2.210435084998607635e-02,1.375340018421411514e-02,8.052012324333190918e-02,4.712983220815658569e-02
-9.517634660005569458e-02,-7.128570973873138428e-02,4.865010827779769897e-02,-6.535901874303817749e-02,-3.107059746980667114e-02,7.783245295286178589e-02,2.408335357904434204e-02,-9.265037626028060913e-02,1.188298314809799194e-02,5.232386291027069092e-03
-8.104642629623413086e-01,2.244518399238586426e-01,1.115721940994262695e+00,-1.429819226264953613e+00,-8.620669245719909668e-01,-6.920712590217590332e-01,2.058506727218627930e+00,-1.393509268760681152e+00,4.903316497802734375e-01,-1.801694393157958984e+00
7.894453406333923340e-01,-7.531679421663284302e-02,-2.233161330223083496e-01,1.460373759269714355e+00,8.524664640426635742e-01,-8.281746506690979004e-02,-7.975208163261413574e-01,3.244263529777526855e-01,4.575230479240417480e-01,-2.920477390289306641e-01
1.511662155389785767e-01,6.944151222705841064e-02,1.077420264482498169e-01,8.615248650312423706e-02,-1.104957982897758484e-01,-8.788058161735534668e-02,-4.354395344853401184e-02,-1.166722699999809265e-01,1.009595990180969238e-01,-5.914266034960746765e-02
7.593010365962982178e-02,-1.312556266784667969e-01,4.457759857177734375e-02,1.388581246137619019e-01,-1.310498714447021484e-01,-7.191647589206695557e-02,-1.901371218264102936e-02,7.295190542936325073e-02,-6.425688415765762329e-02,-3.014157060533761978e-03
-5.880103260278701782e-02,-3.441566526889801025e-01,3.463944792747497559e-01,8.560614287853240967e-02,-1.878788471221923828e-01,3.707844913005828857e-01,-5.057122558355331421e-02,4.807218611240386963e-01,1.369152963161468506e-01,2.588295638561248779e-01
-3.264826023951172829e-03,-9.800085425376892090e-02,-1.489140540361404419e-01,8.392238989472389221e-03,-7.949214428663253784e-02,7.678510248661041260e-02,-7.623220980167388916e-02,-1.861069947481155396e-01,8.453375846147537231e-02,1.244491152465343475e-02
5.592153966426849365e-02,-9.753081016242504120e-03,2.759035490453243256e-02,-8.853124082088470459e-02,-1.724965870380401611e-02,2.497438788414001465e-01,3.174108266830444336e-02,1.705995015799999237e-02,6.595631688833236694e-02,-7.296487689018249512e-02
-8.640502579510211945e-03,3.292290493845939636e-02,8.911676704883575439e-02,1.188604277558624744e-03,-1.482324451208114624e-01,2.139300480484962463e-02,4.834485054016113281e-02,1.767477393150329590e-02,7.353771477937698364e-02,4.379041865468025208e-02
-1.052383661270141602e+00,6.329761743545532227e-01,3.169919550418853760e-01,-1.374519944190979004e+00,-1.058758497238159180e+00,-1.045861959457397461e+00,1.262022614479064941e+00,-2.484519004821777344e+00,1.185270905494689941e+00,-1.370465755462646484e+00
2.690740823745727539e-01,4.224127531051635742e-02,5.841986276209354401e-03,1.374382376670837402e-01,3.878036513924598694e-02,-9.170299023389816284e-02,-2.081329748034477234e-02,-6.182013545185327530e-03,1.991759538650512695e-01,9.802220761775970459e-02
-8.423911780118942261e-02,-1.534342467784881592e-01,5.651163309812545776e-02,9.455973654985427856e-02,5.009722663089632988e-04,-5.830053612589836121e-02,-5.865387246012687683e-02,-8.563586510717868805e-03,1.550422608852386475e-01,1.874039322137832642e-02
9.710434824228286743e-02,-1.780836284160614014e-02,1.136437291279435158e-03,2.160779237747192383e-01,-1.898258775472640991e-01,2.039746195077896118e-02,3.643338382244110107e-02,-1.291204690933227539e-01,4.272941127419471741e-02,8.088459819555282593e-02
1.579438447952270508e-01,-1.016078889369964600e-02,-6.086843460798263550e-02,1.852037161588668823e-01,-1.275244206190109253e-01,-1.316242963075637817e-01,-6.434299796819686890e-02,1.335975229740142822e-01,2.209534198045730591e-01,2.916040271520614624e-02
-1.135444879531860352e+00,5.646377801895141602e-01,4.102104604244232178e-01,-1.429538965225219727e+00,-9.605355858802795410e-01,-9.601292014122009277e-01,1.455678224563598633e+00,-2.480013847351074219e+00,1.147614479064941406e+00,-1.354490756988525391e+00
-3.668840602040290833e-02,-1.422058194875717163e-01,6.008407101035118103e-02,-2.395437210798263550e-01,-1.633622199296951294e-01,2.012665271759033203e-01,3.947678580880165100e-02,4.650893062353134155e-02,-1.769051514565944672e-02,-6.959135830402374268e-02
-2.543637063354253769e-03,-7.414457201957702637e-02,1.436407417058944702e-01,-1.240948680788278580e-02,4.407644271850585938e-02,-6.273051723837852478e-03,4.594486672431230545e-03,3.216197341680526733e-02,1.617046422325074673e-03,2.475793845951557159e-02
3.100711107254028320e-02,-1.108175143599510193e-01,1.034254357218742371e-01,1.020545437932014465e-01,-8.065803349018096924e-02,-1.773777604103088379e-02,1.387959122657775879e-01,3.367038443684577942e-02,6.750017404556274414e-02,1.317742764949798584e-01
8.211769908666610718e-02,-4.177373368293046951e-03,3.496040776371955872e-02,-5.057651549577713013e-02,4.012117162346839905e-02,1.803336888551712036e-01,9.806302934885025024e-02,-5.613411311060190201e-03,-2.056694403290748596e-02,-4.111280664801597595e-02
9.081736952066421509e-02,5.675563216209411621e-02,6.289985030889511108e-02,-1.809513755142688751e-02,-5.780216306447982788e-02,8.574873954057693481e-02,7.817600667476654053e-02,5.039495881646871567e-03,-4.497760161757469177e-02,-9.454977698624134064e-03
3.226741403341293335e-02,-1.291667222976684570e-01,-5.585084483027458191e-02,3.007994405925273895e-02,1.041251420974731445e-01,4.322750866413116455e-02,3.137494996190071106e-02,-2.931557595729827881e-02,1.623495668172836304e-02,1.947798952460289001e-02
1.069246828556060791e-01,2.881681360304355621e-02,-4.551345482468605042e-03,1.190899685025215149e-01,-1.159640848636627197e-01,-4.101612046360969543e-02,4.383247718214988708e-02,1.071914657950401306e-01,1.143963560461997986e-01,-3.426642343401908875e-02
-3.373642638325691223e-02,-1.354854255914688110e-01,-5.400675535202026367e-02,8.832058310508728027e-02,4.028164222836494446e-02,-1.575096882879734039e-02,-7.353737484663724899e-03,8.387180417776107788e-02,6.237210705876350403e-02,-3.278101235628128052e-02
4.280535876750946045e-01,-4.946918040513992310e-02,-4.800742268562316895e-01,2.958080172538757324e-02,1.443143784999847412e-01,9.454933404922485352e-01,2.564473152160644531e-01,-7.406933307647705078e-01,1.138951182365417480e+00,4.376903474330902100e-01
8.618296124041080475e-03,6.651239097118377686e-02,-2.300802385434508324e-03,9.529554843902587891e-02,-6.740942131727933884e-03,-4.689311981201171875e-02,8.702008984982967377e-03,-2.898990921676158905e-02,4.686052352190017700e-02,3.509280085563659668e-02
3.464453294873237610e-02,-2.299322746694087982e-02,-7.870377972722053528e-03,1.115255132317543030e-01,6.682888418436050415e-02,-3.940535709261894226e-02,-7.599780801683664322e-03,2.620531059801578522e-02,5.565133318305015564e-02,-3.416950255632400513e-02
1.009222567081451416e-01,-1.237181797623634338e-01,-3.046703711152076721e-02,-3.321982920169830322e-02,-9.367792308330535889e-02,-3.085597604513168335e-02,1.058932095766067505e-01,-6.022617220878601074e-02,-1.506154611706733704e-02,-8.758415468037128448e-03
1.177595779299736023e-01,-1.508403010666370392e-02,1.077050566673278809e-01,-5.878670513629913330e-02,-5.633956752717494965e-03,3.320645913481712341e-02,-9.435128420591354370e-03,-1.353759914636611938e-01,-5.951381288468837738e-03,-9.993002749979496002e-03
1.051220074295997620e-01,-1.047926396131515503e-01,-3.719481453299522400e-02,-1.247612088918685913e-01,1.091192197054624557e-02,1.364883482456207275e-01,-5.150401592254638672e-02,-2.245776169002056122e-02,1.693285815417766571e-02,-2.955636568367481232e-02
3.025850839912891388e-02,-4.915484786033630371e-02,2.389606088399887085e-02,-3.636210784316062927e-02,-8.386266976594924927e-02,9.275445714592933655e-03,1.639761030673980713e-02,6.639936566352844238e-02,3.149108029901981354e-03,-2.016035653650760651e-02
1.505108177661895752e-01,-4.377044737339019775e-02,-5.100054666399955750e-02,1.257117390632629395e-01,-9.531527757644653320e-02,-2.672741934657096863e-02,-1.843871432356536388e-03,3.511926159262657166e-02,4.786553606390953064e-02,6.255194544792175293e-02
2.796378172934055328e-02,7.291047275066375732e-02,-4.167257994413375854e-02,8.943591266870498657e-02,-6.495893001556396484e-02,1.383489370346069336e-01,5.626996234059333801e-02,-1.990338563919067383e-01,3.858674317598342896e-02,-5.725814402103424072e-02
-9.436044692993164062e-01,5.080126523971557617e-01,1.560850143432617188e+00,-5.924782156944274902e-01,-9.407481551170349121e-01,-2.281835079193115234e+00,2.098971366882324219e+00,-6.860920190811157227e-01,1.544033765792846680e+00,-1.018458843231201172e+00
1.588115245103836060e-01,3.369195014238357544e-02,-3.561376780271530151e-02,1.879260390996932983e-01,5.964447930455207825e-02,-7.120276987552642822e-02,-7.423844188451766968e-02,-3.011615201830863953e-02,3.170235455036163330e-02,-5.704550445079803467e-02
9.672633558511734009e-02,5.775798857212066650e-02,6.482479721307754517e-02,7.385469041764736176e-03,6.206673756241798401e-02,7.542797923088073730e-02,6.944854557514190674e-02,7.708137482404708862e-02,1.419057101011276245e-01,6.536775827407836914e-02
-2.831120789051055908e-01,1.651249289512634277e+00,-1.764453411102294922e+00,-3.408994153141975403e-02,6.452057361602783203e-01,-1.116005063056945801e+00,-2.279797941446304321e-01,-1.937577843666076660e+00,1.149283885955810547e+00,5.856785178184509277e-01
1.937088556587696075e-03,-2.244758754968643188e-01,3.778460621833801270e-01,-3.202387392520904541e-01,-4.216848313808441162e-01,2.747311592102050781e-01,1.621077805757522583e-01,-3.272063434123992920e-01,-1.222267672419548035e-01,-1.350772827863693237e-01
3.774874210357666016e-01,-1.666048914194107056e-01,-6.831541657447814941e-01,1.505348682403564453e-01,1.793743968009948730e-01,9.907909035682678223e-01,1.540987044572830200e-01,-9.808239340782165527e-01,1.250593900680541992e+00,4.431180059909820557e-01
7.545117288827896118e-02,-6.919363886117935181e-02,-2.073978632688522339e-02,-9.797708690166473389e-02,-1.060718968510627747e-01,1.157668456435203552e-01,-5.919004604220390320e-02,1.501099579036235809e-02,5.683887377381324768e-02,-8.232466876506805420e-02
-1.701138168573379517e-02,-5.250488594174385071e-02,-6.771972775459289551e-02,2.048876732587814331e-01,-3.489719703793525696e-03,1.560909450054168701e-01,-8.869750052690505981e-02,-3.626536726951599121e-01,2.544803917407989502e-01,1.533206701278686523e-01
1.343226671218872070e+00,-1.745982527732849121e+00,1.634856939315795898e+00,2.305941104888916016e+00,2.018257081508636475e-01,-3.790167868137359619e-01,5.642017126083374023e-01,2.237289905548095703e+00,-1.003839135169982910e+00,-9.170822501182556152e-01
9.892056137323379517e-02,7.536143809556961060e-02,6.706150621175765991e-02,-3.483215719461441040e-02,3.954773768782615662e-02,1.865465752780437469e-02,-5.813733115792274475e-02,-1.050798520445823669e-01,3.700327128171920776e-02,-4.967040847986936569e-03
-8.734655380249023438e-01,5.625704526901245117e-01,1.986690238118171692e-02,-1.040104627609252930e+00,-1.010280489921569824e+00,-7.352578043937683105e-01,8.482519388198852539e-01,-1.907954096794128418e+00,3.992218971252441406e-01,-9.084790945053100586e-01
-1.472658663988113403e-02,-1.145087368786334991e-02,1.226269304752349854e-01,-2.638385295867919922e-01,-1.422290802001953125e-01,2.905284166336059570e-01,-1.179573591798543930e-02,-2.674198150634765625e-01,2.853867039084434509e-02,-3.546482697129249573e-02
9.563575685024261475e-02,-1.066226959228515625e-01,4.122790321707725525e-02,-8.738742768764495850e-02,-1.467765122652053833e-01,9.205150604248046875e-02,-5.920325219631195068e-02,-1.021345481276512146e-01,-1.575618050992488861e-02,-6.266140192747116089e-02
1.314473748207092285e-01,5.691400542855262756e-02,4.932470247149467468e-02,2.931264787912368774e-02,-1.563020795583724976e-02,-7.866227068006992340e-03,-1.168755590915679932e-01,-7.820313423871994019e-02,-5.413350462913513184e-02,-3.968178480863571167e-02
2.156381681561470032e-02,-1.208723783493041992e-01,1.706487983465194702e-01,-6.037381291389465332e-01,1.435426026582717896e-01,1.523518204689025879e+00,-6.170127391815185547e-01,-3.161925971508026123e-01,7.540113329887390137e-01,-5.154043436050415039e-01
1.516523212194442749e-01,-1.435956209897994995e-01,-2.087109722197055817e-02,3.270522132515907288e-02,-1.273338347673416138e-01,1.731095649302005768e-02,4.274342954158782959e-02,-1.159429922699928284e-01,8.695419877767562866e-02,7.973620295524597168e-02
-9.395875930786132812e-01,6.681122779846191406e-01,1.618011295795440674e-01,-1.307354569435119629e+00,-9.468708634376525879e-01,-9.058338999748229980e-01,1.171307563781738281e+00,-2.355802297592163086e+00,1.060982227325439453e+00,-1.281592726707458496e+00
-8.749599456787109375e-01,5.744042992591857910e-01,4.305779561400413513e-02,-1.201639056205749512e+00,-1.097826719284057617e+00,-8.569681644439697266e-01,1.261494994163513184e+00,-2.248129606246948242e+00,6.112359166145324707e-01,-1.083244681358337402e+00
6.707220077514648438e-01,2.710373513400554657e-02,-5.092145204544067383e-01,1.043079257011413574e+00,-2.754087373614311218e-02,-6.108513474464416504e-01,-3.207784891128540039e-01,-7.254073023796081543e-02,3.497265577316284180e-01,6.868156045675277710e-02
3.196133077144622803e-01,1.262584567070007324e+00,-1.736733436584472656e+00,-3.449103236198425293e-01,8.763230443000793457e-01,9.905517101287841797e-01,-2.685936450958251953e+00,-7.761837840080261230e-01,8.773078322410583496e-01,3.463854193687438965e-01
4.913378953933715820e-01,3.453977033495903015e-02,-8.954031765460968018e-02,7.311132550239562988e-01,3.042598664760589600e-01,-1.751800924539566040e-01,-5.344637632369995117e-01,1.415016055107116699e-01,1.562311500310897827e-01,-1.712878793478012085e-01
-8.161268830299377441e-01,1.823356002569198608e-01,1.243204593658447266e+00,-1.680019736289978027e+00,-1.037244677543640137e+00,-7.491255402565002441e-01,1.774083256721496582e+00,-1.366012930870056152e+00,6.722992062568664551e-01,-1.491079330444335938e+00
-3.992829099297523499e-02,-1.112997233867645264e-01,2.147974260151386261e-02,-4.987713322043418884e-02,-1.681054979562759399e-01,6.350914016366004944e-03,6.999526917934417725e-02,-1.238862574100494385e-01,-3.661760361865162849e-03,8.887074142694473267e-02
7.692153751850128174e-02,-1.326043158769607544e-01,1.729028113186359406e-02,1.232547685503959656e-01,5.339423567056655884e-02,-8.825405500829219818e-03,2.564165368676185608e-02,6.078455969691276550e-02,4.707012325525283813e-02,5.103857070207595825e-02
-2.713456191122531891e-02,-9.543973952531814575e-02,4.741589352488517761e-02,2.569631114602088928e-02,-4.860188066959381104e-02,1.436238829046487808e-02,9.174222499132156372e-02,-2.718242444097995758e-02,8.608138561248779297e-02,3.751844400539994240e-03
7.993294596672058105e-01,3.855295479297637939e-02,-2.384754717350006104e-01,1.491018772125244141e+00,9.189845919609069824e-01,-1.324170976877212524e-01,-6.340393424034118652e-01,3.416719734668731689e-01,4.407009184360504150e-01,-2.317971438169479370e-01
-6.198752298951148987e-02,3.258413076400756836e-02,3.978963196277618408e-02,9.255989640951156616e-02,-6.626455485820770264e-02,-8.120583742856979370e-02,-7.867557555437088013e-02,1.402156986296176910e-02,8.550034463405609131e-02,1.671528071165084839e-02
-8.498914539813995361e-02,-5.664878711104393005e-02,4.134284704923629761e-02,5.991996079683303833e-02,-8.573309332132339478e-02,-2.449845150113105774e-02,9.026296436786651611e-02,5.093995481729507446e-02,1.990198902785778046e-02,3.421465680003166199e-02
-2.977308817207813263e-02,-1.045922413468360901e-01,-3.659090399742126465e-02,1.020902171730995178e-01,-8.684737235307693481e-02,1.290472447872161865e-01,-4.652375355362892151e-02,-4.623078182339668274e-02,9.960966184735298157e-03,5.371708050370216370e-02
-1.431268826127052307e-02,-3.573683649301528931e-02,1.599097996950149536e-01,-1.610589325428009033e-01,-4.804126024246215820e-01,1.520032882690429688e-01,7.811658829450607300e-02,-7.051015496253967285e-01,1.032375171780586243e-01,-1.287871897220611572e-01
7.906169444322586060e-02,-8.343158662319183350e-02,9.316373616456985474e-02,4.424860328435897827e-02,-1.138521060347557068e-01,4.171697050333023071e-02,1.028241440653800964e-01,5.986919254064559937e-02,1.172073110938072205e-01,1.177063360810279846e-01
5.095065757632255554e-02,-1.913688480854034424e-01,1.768063455820083618e-01,-1.994948089122772217e-01,-6.873346865177154541e-02,7.817731052637100220e-02,-8.398852660320699215e-04,4.229208081960678101e-02,-1.745348423719406128e-02,-3.781301155686378479e-02
4.545836895704269409e-02,-7.406254112720489502e-02,6.061124615371227264e-03,1.125303879380226135e-01,-2.822202863171696663e-03,1.079587265849113464e-01,2.361141331493854523e-02,-1.257426142692565918e-01,-1.156016159802675247e-02,6.223682314157485962e-02
8.090615272521972656e-02,-3.396377712488174438e-02,6.238621100783348083e-02,9.127460420131683350e-03,5.494557693600654602e-02,-4.153797775506973267e-02,-7.469229400157928467e-02,-8.894124068319797516e-03,-3.398084267973899841e-02,-2.959140390157699585e-02
3.505047038197517395e-02,8.682469278573989868e-02,-1.240486651659011841e-01,1.482696980237960815e-01,-1.378379762172698975e-01,-1.789032109081745148e-02,-1.553665548563003540e-01,-2.445307821035385132e-01,3.355398178100585938e-01,4.650559648871421814e-02
6.787724047899246216e-02,-1.411640364676713943e-02,-4.226156510412693024e-03,5.568947270512580872e-02,9.091894328594207764e-02,1.288361288607120514e-02,-2.794472128152847290e-02,-3.169483318924903870e-02,1.797561347484588623e-01,6.189832091331481934e-02
1.353654265403747559e-01,1.048601716756820679e-01,-1.049455553293228149e-01,7.870691269636154175e-02,-5.198003351688385010e-02,-7.478715479373931885e-02,-3.811982646584510803e-02,6.032341718673706055e-02,1.067841053009033203e-01,-2.422133088111877441e-02
-4.036730155348777771e-02,-2.407045802101492882e-03,-3.484712913632392883e-03,7.927431911230087280e-02,4.864228144288063049e-02,7.072693109512329102e-02,-4.530420992523431778e-03,4.121733829379081726e-02,2.757932431995868683e-02,1.480750273913145065e-03
-8.589858561754226685e-02,-1.213511079549789429e-01,9.351073205471038818e-02,-2.214627712965011597e-01,-1.038074865937232971e-01,8.876045793294906616e-02,1.172029972076416016e-02,-2.948945853859186172e-03,-3.202330693602561951e-02,-1.413898356258869171e-02
2.018526345491409302e-01,4.598803073167800903e-02,-3.722320869565010071e-02,3.114765584468841553e-01,4.729550704360008240e-02,-1.567291319370269775e-01,-3.289075493812561035e-01,7.940796762704849243e-02,1.052039191126823425e-01,-1.083936765789985657e-01
5.835072696208953857e-02,1.196706220507621765e-01,-8.025083690881729126e-02,2.506445050239562988e-01,2.836943790316581726e-02,-1.645303666591644287e-01,-2.401855289936065674e-01,-1.036501210182905197e-02,2.816614508628845215e-01,-7.284469902515411377e-02
7.903701066970825195e-01,4.262241721153259277e-02,-1.601613909006118774e-01,1.418671965599060059e+00,8.818458914756774902e-01,-2.480279505252838135e-01,-8.271772861480712891e-01,2.619203627109527588e-01,4.500215351581573486e-01,-3.451286256313323975e-01
8.543055504560470581e-02,3.757888823747634888e-02,3.447309881448745728e-02,3.703282028436660767e-02,-5.156186223030090332e-02,8.989326655864715576e-03,1.429914683103561401e-02,-2.899945527315139771e-02,4.328418523073196411e-02,-3.782279789447784424e-02
7.852143794298171997e-02,-1.588996797800064087e-01,9.863697737455368042e-02,7.537509500980377197e-02,1.600306853652000427e-02,-3.385607525706291199e-02,2.266867831349372864e-02,-2.540485188364982605e-02,7.544817775487899780e-02,5.385335907340049744e-02
3.365092575550079346e-01,2.589803040027618408e-01,-7.356277704238891602e-01,3.181256055831909180e-01,1.136392652988433838e-01,1.786619871854782104e-01,-1.611004322767257690e-01,-9.002985954284667969e-01,1.858773529529571533e-01,-1.324828118085861206e-01
1.099543925374746323e-02,-1.030450537800788879e-01,-7.638335973024368286e-02,-5.762429535388946533e-02,-1.951814629137516022e-02,1.335339695215225220e-01,-5.819182097911834717e-02,-4.664896801114082336e-02,1.185557767748832703e-01,-1.747544482350349426e-02
7.955069094896316528e-02,-8.316589519381523132e-03,1.723057329654693604e-01,7.886965572834014893e-02,-1.035293843597173691e-02,5.574849247932434082e-02,4.281281493604183197e-03,-3.878307044506072998e-01,3.239821195602416992e-01,1.526557058095932007e-01
6.092977151274681091e-02,2.565756440162658691e-02,1.330919265747070312e-01,-1.193413659930229187e-01,-8.567920327186584473e-02,2.685645222663879395e-01,8.622851222753524780e-03,2.009243890643119812e-02,2.381094358861446381e-02,-8.327060937881469727e-02
-5.112786311656236649e-03,-1.047826036810874939e-01,-1.112251263111829758e-02,-1.744436472654342651e-01,-3.305347263813018799e-02,1.531461179256439209e-01,-4.987136647105216980e-02,3.314913064241409302e-02,9.390969574451446533e-02,-4.822396486997604370e-02
-8.971248269081115723e-01,2.072619199752807617e-01,1.246958732604980469e+00,-1.535613894462585449e+00,-9.833065271377563477e-01,-7.025975584983825684e-01,1.763663530349731445e+00,-1.507290363311767578e+00,4.549826383590698242e-01,-1.602978706359863281e+00
8.896611630916595459e-03,-4.250837489962577820e-02,-1.180840730667114258e-01,-4.687220603227615356e-02,-7.271733880043029785e-02,5.724168941378593445e-02,5.217589065432548523e-02,-2.831982970237731934e-01,1.143836826086044312e-01,1.036794185638427734e-01
1.819029264152050018e-02,-1.116458922624588013e-01,1.015499383211135864e-01,-4.335636645555496216e-02,-1.029963269829750061e-01,-2.180887199938297272e-02,-3.096105158329010010e-02,-1.315104216337203979e-01,9.462633170187473297e-03,1.340327318757772446e-02
8.350144326686859131e-02,1.298313401639461517e-02,7.501456141471862793e-02,-2.436830289661884308e-02,1.400502119213342667e-02,-1.116955745965242386e-02,-1.260145902633666992e-01,-1.533944066613912582e-02,8.689773082733154297e-02,-3.549101203680038452e-02
4.228709042072296143e-01,1.045512482523918152e-01,-3.787277638912200928e-01,3.600585460662841797e-01,-1.332314461469650269e-01,1.098954081535339355e-01,1.274564266204833984e-01,-1.257354974746704102e+00,3.253208994865417480e-01,3.420804142951965332e-01
1.188075095415115356e-01,-2.845832519233226776e-02,1.206504274159669876e-02,-5.603976175189018250e-02,-7.659764587879180908e-02,1.055238768458366394e-01,-2.028837613761425018e-02,-2.445791848003864288e-02,7.409429550170898438e-02,7.505739480257034302e-02
3.076331913471221924e-01,1.515236496925354004e+00,-2.296191692352294922e+00,1.283897638320922852e+00,1.043475985527038574e+00,-8.571449667215347290e-02,-8.986573219299316406e-01,-2.312662601470947266e+00,9.637784361839294434e-01,1.188498020172119141e+00
1.788529157638549805e-01,-1.903919279575347900e-01,3.801093399524688721e-01,6.118629872798919678e-02,-1.589087098836898804e-01,1.559499651193618774e-02,2.194540351629257202e-01,-8.471146225929260254e-01,6.159233395010232925e-03,-4.093600437045097351e-02
1.260692477226257324e-01,1.574512422084808350e-01,-4.503630101680755615e-03,3.001202084124088287e-02,-8.633734285831451416e-02,1.725823730230331421e-01,-9.801906347274780273e-02,-1.835669279098510742e-01,1.160713657736778259e-01,4.117201641201972961e-02
-1.013465523719787598e-01,-3.509946167469024658e-02,-1.142814010381698608e-02,1.157034412026405334e-01,-5.250704288482666016e-02,9.499051421880722046e-02,3.989497572183609009e-02,-2.509377151727676392e-02,9.972978383302688599e-02,2.473697811365127563e-02
-8.574191927909851074e-01,1.469434499740600586e-01,1.111370205879211426e+00,-1.451751470565795898e+00,-9.752443432807922363e-01,-7.109488248825073242e-01,1.707110881805419922e+00,-1.412139177322387695e+00,4.988344907760620117e-01,-1.564969062805175781e+00
-1.007451772689819336e+00,6.069141030311584473e-01,5.660306215286254883e-01,-1.119672536849975586e+00,-7.254051566123962402e-01,-1.217563748359680176e+00,9.427254199981689453e-01,-1.974308848381042480e+00,1.677203059196472168e+00,-1.529040813446044922e+00
-2.183132618665695190e-01,2.705836594104766846e-01,-2.053802274167537689e-02,-2.176516950130462646e-01,-1.056401371955871582e+00,-1.648588627576828003e-01,-2.089175730943679810e-01,-1.015477657318115234e+00,1.751657128334045410e-01,-2.926200032234191895e-01
1.175916269421577454e-01,-1.087337210774421692e-01,7.852025330066680908e-02,-4.485870525240898132e-02,-1.045892909169197083e-01,6.037897244095802307e-02,4.451720416545867920e-02,-4.777633771300315857e-02,-3.674266487360000610e-02,-6.317491829395294189e-02
1.278347223997116089e-01,-2.892826311290264130e-02,6.248545646667480469e-02,1.236156821250915527e-01,-4.908998683094978333e-02,-6.698676850646734238e-03,-8.462293446063995361e-02,-7.629855722188949585e-02,7.892857491970062256e-02,-9.595017135143280029e-02
1.139149546623229980e+00,7.655336260795593262e-01,-1.554843306541442871e+00,2.372077703475952148e+00,4.252685606479644775e-01,-9.079201817512512207e-01,-1.455408811569213867e+00,-3.262921422719955444e-02,6.574270129203796387e-01,1.815839886665344238e+00
-1.476974692195653915e-02,4.275999963283538818e-02,8.105432614684104919e-03,1.278842389583587646e-01,-1.563030034303665161e-01,-7.860704511404037476e-02,-2.535411342978477478e-02,-6.388514488935470581e-02,6.619742512702941895e-02,-3.890920057892799377e-02
-1.111153721809387207e+00,6.993609666824340820e-01,1.791859418153762817e-01,-1.420236587524414062e+00,-1.079251885414123535e+00,-9.139101505279541016e-01,1.435766339302062988e+00,-2.493098020553588867e+00,1.220317244529724121e+00,-1.392058014869689941e+00
1.251636147499084473e+00,7.193265557289123535e-01,-1.711336493492126465e+00,2.055359363555908203e+00,2.488479167222976685e-01,-3.228649497032165527e-01,-1.964852094650268555e+00,-1.968166828155517578e-01,3.270329535007476807e-01,2.031434059143066406e+00
7.259992361068725586e-01,-7.281654980033636093e-04,-1.138832926750183105e+00,4.216497540473937988e-01,2.725209891796112061e-01,1.137143492698669434e+00,1.336733251810073853e-01,-1.048824429512023926e+00,1.664388537406921387e+00,4.740942716598510742e-01
1.282827258110046387e-01,-1.105821579694747925e-01,1.677325665950775146e-01,-1.674818247556686401e-01,1.004850678145885468e-02,1.537172794342041016e-01,-6.283867359161376953e-02,-5.983274057507514954e-02,1.073457952588796616e-02,-6.311464309692382812e-02
2.403181493282318115e-01,4.570767655968666077e-02,-1.178513914346694946e-01,2.425883412361145020e-01,5.098816007375717163e-02,-1.356233656406402588e-01,-3.335373103618621826e-01,-4.177825059741735458e-03,2.492022514343261719e-01,-6.836922466754913330e-02
6.788969039916992188e-02,-7.260642945766448975e-02,5.045161023736000061e-02,-2.163614779710769653e-01,-1.682401597499847412e-01,1.239631250500679016e-01,2.032529935240745544e-02,-1.150823011994361877e-01,-1.096126660704612732e-01,-2.199369482696056366e-04
2.071233093738555908e-01,-2.418890409171581268e-02,2.223781794309616089e-01,1.727585643529891968e-01,-3.897200897336006165e-02,-5.984439700841903687e-02,-1.009471938014030457e-01,3.209260106086730957e-01,3.570180237293243408e-01,-2.462395131587982178e-01
-1.071991682052612305e+00,7.230066657066345215e-01,4.068243503570556641e-01,-1.379258275032043457e+00,-9.672585129737854004e-01,-1.114577174186706543e+00,1.340318322181701660e+00,-2.361130475997924805e+00,1.347856879234313965e+00,-1.479317903518676758e+00
-1.139043211936950684e+00,5.866886377334594727e-01,4.419244527816772461e-01,-1.166178584098815918e+00,-8.725332021713256836e-01,-1.227446317672729492e+00,1.188822746276855469e+00,-2.162003278732299805e+00,1.733127117156982422e+00,-1.613248586654663086e+00
-1.410913094878196716e-02,-1.912324875593185425e-02,-2.080046758055686951e-02,-2.653629146516323090e-02,-1.488403677940368652e-01,8.064798079431056976e-03,-6.469427049160003662e-02,6.334085017442703247e-02,4.393307492136955261e-02,-4.475486651062965393e-02
6.617344915866851807e-02,4.042687825858592987e-03,-5.543028563261032104e-02,-2.230952680110931396e-01,-7.032929062843322754e-01,1.770086288452148438e-01,2.136258482933044434e-01,-8.481099605560302734e-01,3.594315052032470703e-02,-1.667060852050781250e-01
1.758904606103897095e-01,-1.560647338628768921e-01,3.659029603004455566e-01,-2.629255056381225586e-01,-2.984115779399871826e-01,2.113907635211944580e-01,4.002511501312255859e-02,-3.191898465156555176e-01,-1.178259849548339844e-01,-8.472742140293121338e-02
1.158361732959747314e-01,7.972046732902526855e-02,-2.213197648525238037e-01,3.322254419326782227e-01,-6.667565554380416870e-02,-5.168326944112777710e-02,-2.143044024705886841e-01,-4.558561444282531738e-01,1.190447285771369934e-01,7.978680543601512909e-03
8.186965435743331909e-02,-7.555517554283142090e-02,-1.253529638051986694e-02,4.871430248022079468e-02,-4.181131720542907715e-02,4.618500918149948120e-02,3.585509210824966431e-02,8.327641338109970093e-02,7.144609838724136353e-02,6.810895353555679321e-02
-5.873076915740966797e-01,5.958393812179565430e-01,-1.667106449604034424e-01,-1.135798931121826172e+00,-1.222850441932678223e+00,-6.809718608856201172e-01,8.085002303123474121e-01,-1.841415524482727051e+00,4.296928644180297852e-02,-7.440200448036193848e-01
